0.000 0.000 0.02617
204.082 0.000 0.02776
408.163 0.000 0.02944
612.245 0.000 0.03121
816.327 0.000 0.03307
1020.408 0.000 0.03502
1224.490 0.000 0.03706
1428.571 0.000 0.03917
1632.653 0.000 0.04135
1836.735 0.000 0.04359
2040.816 0.000 0.04587
2244.898 0.000 0.04818
2448.980 0.000 0.05049
2653.061 0.000 0.05278
2857.143 0.000 0.05503
3061.224 0.000 0.05721
3265.306 0.000 0.05930
3469.388 0.000 0.06125
3673.469 0.000 0.06305
3877.551 0.000 0.06467
4081.633 0.000 0.06609
4285.714 0.000 0.06728
4489.796 0.000 0.06822
4693.878 0.000 0.06890
4897.959 0.000 0.06932
5102.041 0.000 0.06946
5306.122 0.000 0.06932
5510.204 0.000 0.06890
5714.286 0.000 0.06822
5918.367 0.000 0.06728
6122.449 0.000 0.06609
6326.531 0.000 0.06467
6530.612 0.000 0.06305
6734.694 0.000 0.06125
6938.776 0.000 0.05930
7142.857 0.000 0.05721
7346.939 0.000 0.05503
7551.020 0.000 0.05278
7755.102 0.000 0.05049
7959.184 0.000 0.04818
8163.265 0.000 0.04587
8367.347 0.000 0.04359
8571.429 0.000 0.04135
8775.510 0.000 0.03917
8979.592 0.000 0.03706
9183.673 0.000 0.03502
9387.755 0.000 0.03307
9591.837 0.000 0.03121
9795.918 0.000 0.02944
10000.000 0.000 0.02776
0.000 204.082 0.02776
204.082 204.082 0.02952
408.163 204.082 0.03138
612.245 204.082 0.03336
816.327 204.082 0.03544
1020.408 204.082 0.03764
1224.490 204.082 0.03994
1428.571 204.082 0.04233
1632.653 204.082 0.04482
1836.735 204.082 0.04738
2040.816 204.082 0.05001
2244.898 204.082 0.05267
2448.980 204.082 0.05536
2653.061 204.082 0.05803
2857.143 204.082 0.06066
3061.224 204.082 0.06321
3265.306 204.082 0.06566
3469.388 204.082 0.06796
3673.469 204.082 0.07008
3877.551 204.082 0.07199
4081.633 204.082 0.07366
4285.714 204.082 0.07506
4489.796 204.082 0.07618
4693.878 204.082 0.07698
4897.959 204.082 0.07747
5102.041 204.082 0.07764
5306.122 204.082 0.07747
5510.204 204.082 0.07698
5714.286 204.082 0.07618
5918.367 204.082 0.07506
6122.449 204.082 0.07366
6326.531 204.082 0.07199
6530.612 204.082 0.07008
6734.694 204.082 0.06796
6938.776 204.082 0.06566
7142.857 204.082 0.06321
7346.939 204.082 0.06066
7551.020 204.082 0.05803
7755.102 204.082 0.05536
7959.184 204.082 0.05267
8163.265 204.082 0.05001
8367.347 204.082 0.04738
8571.429 204.082 0.04482
8775.510 204.082 0.04233
8979.592 204.082 0.03994
9183.673 204.082 0.03764
9387.755 204.082 0.03544
9591.837 204.082 0.03336
9795.918 204.082 0.03138
10000.000 204.082 0.02952
0.000 408.163 0.02944
204.082 408.163 0.03138
408.163 408.163 0.03345
612.245 408.163 0.03566
816.327 408.163 0.03799
1020.408 408.163 0.04046
1224.490 408.163 0.04306
1428.571 408.163 0.04579
1632.653 408.163 0.04863
1836.735 408.163 0.05157
2040.816 408.163 0.05460
2244.898 408.163 0.05769
2448.980 408.163 0.06081
2653.061 408.163 0.06393
2857.143 408.163 0.06701
3061.224 408.163 0.07001
3265.306 408.163 0.07289
3469.388 408.163 0.07560
3673.469 408.163 0.07811
3877.551 408.163 0.08037
4081.633 408.163 0.08234
4285.714 408.163 0.08401
4489.796 408.163 0.08533
4693.878 408.163 0.08628
4897.959 408.163 0.08686
5102.041 408.163 0.08706
5306.122 408.163 0.08686
5510.204 408.163 0.08628
5714.286 408.163 0.08533
5918.367 408.163 0.08401
6122.449 408.163 0.08234
6326.531 408.163 0.08037
6530.612 408.163 0.07811
6734.694 408.163 0.07560
6938.776 408.163 0.07289
7142.857 408.163 0.07001
7346.939 408.163 0.06701
7551.020 408.163 0.06393
7755.102 408.163 0.06081
7959.184 408.163 0.05769
8163.265 408.163 0.05460
8367.347 408.163 0.05157
8571.429 408.163 0.04863
8775.510 408.163 0.04579
8979.592 408.163 0.04306
9183.673 408.163 0.04046
9387.755 408.163 0.03799
9591.837 408.163 0.03566
9795.918 408.163 0.03345
10000.000 408.163 0.03138
0.000 612.245 0.03121
204.082 612.245 0.03336
408.163 612.245 0.03566
612.245 612.245 0.03811
816.327 612.245 0.04073
1020.408 612.245 0.04351
1224.490 612.245 0.04645
1428.571 612.245 0.04955
1632.653 612.245 0.05280
1836.735 612.245 0.05619
2040.816 612.245 0.05969
2244.898 612.245 0.06327
2448.980 612.245 0.06691
2653.061 612.245 0.07056
2857.143 612.245 0.07418
3061.224 612.245 0.07772
3265.306 612.245 0.08112
3469.388 612.245 0.08434
3673.469 612.245 0.08731
3877.551 612.245 0.08999
4081.633 612.245 0.09233
4285.714 612.245 0.09430
4489.796 612.245 0.09587
4693.878 612.245 0.09700
4897.959 612.245 0.09769
5102.041 612.245 0.09792
5306.122 612.245 0.09769
5510.204 612.245 0.09700
5714.286 612.245 0.09587
5918.367 612.245 0.09430
6122.449 612.245 0.09233
6326.531 612.245 0.08999
6530.612 612.245 0.08731
6734.694 612.245 0.08434
6938.776 612.245 0.08112
7142.857 612.245 0.07772
7346.939 612.245 0.07418
7551.020 612.245 0.07056
7755.102 612.245 0.06691
7959.184 612.245 0.06327
8163.265 612.245 0.05969
8367.347 612.245 0.05619
8571.429 612.245 0.05280
8775.510 612.245 0.04955
8979.592 612.245 0.04645
9183.673 612.245 0.04351
9387.755 612.245 0.04073
9591.837 612.245 0.03811
9795.918 612.245 0.03566
10000.000 612.245 0.03336
0.000 816.327 0.03307
204.082 816.327 0.03544
408.163 816.327 0.03799
612.245 816.327 0.04073
816.327 816.327 0.04366
1020.408 816.327 0.04679
1224.490 816.327 0.05013
1428.571 816.327 0.05366
1632.653 816.327 0.05738
1836.735 816.327 0.06128
2040.816 816.327 0.06532
2244.898 816.327 0.06950
2448.980 816.327 0.07375
2653.061 816.327 0.07804
2857.143 816.327 0.08231
3061.224 816.327 0.08649
3265.306 816.327 0.09052
3469.388 816.327 0.09434
3673.469 816.327 0.09787
3877.551 816.327 0.10106
4081.633 816.327 0.10384
4285.714 816.327 0.10618
4489.796 816.327 0.10804
4693.878 816.327 0.10939
4897.959 816.327 0.11021
5102.041 816.327 0.11048
5306.122 816.327 0.11021
5510.204 816.327 0.10939
5714.286 816.327 0.10804
5918.367 816.327 0.10618
6122.449 816.327 0.10384
6326.531 816.327 0.10106
6530.612 816.327 0.09787
6734.694 816.327 0.09434
6938.776 816.327 0.09052
7142.857 816.327 0.08649
7346.939 816.327 0.08231
7551.020 816.327 0.07804
7755.102 816.327 0.07375
7959.184 816.327 0.06950
8163.265 816.327 0.06532
8367.347 816.327 0.06128
8571.429 816.327 0.05738
8775.510 816.327 0.05366
8979.592 816.327 0.05013
9183.673 816.327 0.04679
9387.755 816.327 0.04366
9591.837 816.327 0.04073
9795.918 816.327 0.03799
10000.000 816.327 0.03544
0.000 1020.408 0.03502
204.082 1020.408 0.03764
408.163 1020.408 0.04046
612.245 1020.408 0.04351
816.327 1020.408 0.04679
1020.408 1020.408 0.05032
1224.490 1020.408 0.05409
1428.571 1020.408 0.05812
1632.653 1020.408 0.06238
1836.735 1020.408 0.06687
2040.816 1020.408 0.07157
2244.898 1020.408 0.07643
2448.980 1020.408 0.08142
2653.061 1020.408 0.08647
2857.143 1020.408 0.09151
3061.224 1020.408 0.09647
3265.306 1020.408 0.10127
3469.388 1020.408 0.10581
3673.469 1020.408 0.11001
3877.551 1020.408 0.11380
4081.633 1020.408 0.11712
4285.714 1020.408 0.11991
4489.796 1020.408 0.12211
4693.878 1020.408 0.12371
4897.959 1020.408 0.12468
5102.041 1020.408 0.12501
5306.122 1020.408 0.12468
5510.204 1020.408 0.12371
5714.286 1020.408 0.12211
5918.367 1020.408 0.11991
6122.449 1020.408 0.11712
6326.531 1020.408 0.11380
6530.612 1020.408 0.11001
6734.694 1020.408 0.10581
6938.776 1020.408 0.10127
7142.857 1020.408 0.09647
7346.939 1020.408 0.09151
7551.020 1020.408 0.08647
7755.102 1020.408 0.08142
7959.184 1020.408 0.07643
8163.265 1020.408 0.07157
8367.347 1020.408 0.06687
8571.429 1020.408 0.06238
8775.510 1020.408 0.05812
8979.592 1020.408 0.05409
9183.673 1020.408 0.05032
9387.755 1020.408 0.04679
9591.837 1020.408 0.04351
9795.918 1020.408 0.04046
10000.000 1020.408 0.03764
0.000 1224.490 0.03706
204.082 1224.490 0.03994
408.163 1224.490 0.04306
612.245 1224.490 0.04645
816.327 1224.490 0.05013
1020.408 1224.490 0.05409
1224.490 1224.490 0.05837
1428.571 1224.490 0.06295
1632.653 1224.490 0.06783
1836.735 1224.490 0.07301
2040.816 1224.490 0.07847
2244.898 1224.490 0.08415
2448.980 1224.490 0.09000
2653.061 1224.490 0.09596
2857.143 1224.490 0.10194
3061.224 1224.490 0.10784
3265.306 1224.490 0.11355
3469.388 1224.490 0.11896
3673.469 1224.490 0.12398
3877.551 1224.490 0.12850
4081.633 1224.490 0.13245
4285.714 1224.490 0.13576
4489.796 1224.490 0.13838
4693.878 1224.490 0.14028
4897.959 1224.490 0.14142
5102.041 1224.490 0.14181
5306.122 1224.490 0.14142
5510.204 1224.490 0.14028
5714.286 1224.490 0.13838
5918.367 1224.490 0.13576
6122.449 1224.490 0.13245
6326.531 1224.490 0.12850
6530.612 1224.490 0.12398
6734.694 1224.490 0.11896
6938.776 1224.490 0.11355
7142.857 1224.490 0.10784
7346.939 1224.490 0.10194
7551.020 1224.490 0.09596
7755.102 1224.490 0.09000
7959.184 1224.490 0.08415
8163.265 1224.490 0.07847
8367.347 1224.490 0.07301
8571.429 1224.490 0.06783
8775.510 1224.490 0.06295
8979.592 1224.490 0.05837
9183.673 1224.490 0.05409
9387.755 1224.490 0.05013
9591.837 1224.490 0.04645
9795.918 1224.490 0.04306
10000.000 1224.490 0.03994
0.000 1428.571 0.03917
204.082 1428.571 0.04233
408.163 1428.571 0.04579
612.245 1428.571 0.04955
816.327 1428.571 0.05366
1020.408 1428.571 0.05812
1224.490 1428.571 0.06295
1428.571 1428.571 0.06816
1632.653 1428.571 0.07376
1836.735 1428.571 0.07974
2040.816 1428.571 0.08607
2244.898 1428.571 0.09271
2448.980 1428.571 0.09960
2653.061 1428.571 0.10665
2857.143 1428.571 0.11375
3061.224 1428.571 0.12077
3265.306 1428.571 0.12759
3469.388 1428.571 0.13405
3673.469 1428.571 0.14004
3877.551 1428.571 0.14543
4081.633 1428.571 0.15013
4285.714 1428.571 0.15406
4489.796 1428.571 0.15716
4693.878 1428.571 0.15940
4897.959 1428.571 0.16076
5102.041 1428.571 0.16121
5306.122 1428.571 0.16076
5510.204 1428.571 0.15940
5714.286 1428.571 0.15716
5918.367 1428.571 0.15406
6122.449 1428.571 0.15013
6326.531 1428.571 0.14543
6530.612 1428.571 0.14004
6734.694 1428.571 0.13405
6938.776 1428.571 0.12759
7142.857 1428.571 0.12077
7346.939 1428.571 0.11375
7551.020 1428.571 0.10665
7755.102 1428.571 0.09960
7959.184 1428.571 0.09271
8163.265 1428.571 0.08607
8367.347 1428.571 0.07974
8571.429 1428.571 0.07376
8775.510 1428.571 0.06816
8979.592 1428.571 0.06295
9183.673 1428.571 0.05812
9387.755 1428.571 0.05366
9591.837 1428.571 0.04955
9795.918 1428.571 0.04579
10000.000 1428.571 0.04233
0.000 1632.653 0.04135
204.082 1632.653 0.04482
408.163 1632.653 0.04863
612.245 1632.653 0.05280
816.327 1632.653 0.05738
1020.408 1632.653 0.06238
1224.490 1632.653 0.06783
1428.571 1632.653 0.07376
1632.653 1632.653 0.08017
1836.735 1632.653 0.08707
2040.816 1632.653 0.09442
2244.898 1632.653 0.10219
2448.980 1632.653 0.11029
2653.061 1632.653 0.11864
2857.143 1632.653 0.12708
3061.224 1632.653 0.13546
3265.306 1632.653 0.14361
3469.388 1632.653 0.15133
3673.469 1632.653 0.15848
3877.551 1632.653 0.16490
4081.633 1632.653 0.17047
4285.714 1632.653 0.17512
4489.796 1632.653 0.17878
4693.878 1632.653 0.18142
4897.959 1632.653 0.18301
5102.041 1632.653 0.18354
5306.122 1632.653 0.18301
5510.204 1632.653 0.18142
5714.286 1632.653 0.17878
5918.367 1632.653 0.17512
6122.449 1632.653 0.17047
6326.531 1632.653 0.16490
6530.612 1632.653 0.15848
6734.694 1632.653 0.15133
6938.776 1632.653 0.14361
7142.857 1632.653 0.13546
7346.939 1632.653 0.12708
7551.020 1632.653 0.11864
7755.102 1632.653 0.11029
7959.184 1632.653 0.10219
8163.265 1632.653 0.09442
8367.347 1632.653 0.08707
8571.429 1632.653 0.08017
8775.510 1632.653 0.07376
8979.592 1632.653 0.06783
9183.673 1632.653 0.06238
9387.755 1632.653 0.05738
9591.837 1632.653 0.05280
9795.918 1632.653 0.04863
10000.000 1632.653 0.04482
0.000 1836.735 0.04359
204.082 1836.735 0.04738
408.163 1836.735 0.05157
612.245 1836.735 0.05619
816.327 1836.735 0.06128
1020.408 1836.735 0.06687
1224.490 1836.735 0.07301
1428.571 1836.735 0.07974
1632.653 1836.735 0.08707
1836.735 1836.735 0.09500
2040.816 1836.735 0.10353
2244.898 1836.735 0.11261
2448.980 1836.735 0.12216
2653.061 1836.735 0.13204
2857.143 1836.735 0.14208
3061.224 1836.735 0.15209
3265.306 1836.735 0.16182
3469.388 1836.735 0.17105
3673.469 1836.735 0.17956
3877.551 1836.735 0.18718
4081.633 1836.735 0.19377
4285.714 1836.735 0.19924
4489.796 1836.735 0.20354
4693.878 1836.735 0.20661
4897.959 1836.735 0.20846
5102.041 1836.735 0.20908
5306.122 1836.735 0.20846
5510.204 1836.735 0.20661
5714.286 1836.735 0.20354
5918.367 1836.735 0.19924
6122.449 1836.735 0.19377
6326.531 1836.735 0.18718
6530.612 1836.735 0.17956
6734.694 1836.735 0.17105
6938.776 1836.735 0.16182
7142.857 1836.735 0.15209
7346.939 1836.735 0.14208
7551.020 1836.735 0.13204
7755.102 1836.735 0.12216
7959.184 1836.735 0.11261
8163.265 1836.735 0.10353
8367.347 1836.735 0.09500
8571.429 1836.735 0.08707
8775.510 1836.735 0.07974
8979.592 1836.735 0.07301
9183.673 1836.735 0.06687
9387.755 1836.735 0.06128
9591.837 1836.735 0.05619
9795.918 1836.735 0.05157
10000.000 1836.735 0.04738
0.000 2040.816 0.04587
204.082 2040.816 0.05001
408.163 2040.816 0.05460
612.245 2040.816 0.05969
816.327 2040.816 0.06532
1020.408 2040.816 0.07157
1224.490 2040.816 0.07847
1428.571 2040.816 0.08607
1632.653 2040.816 0.09442
1836.735 2040.816 0.10353
2040.816 2040.816 0.11341
2244.898 2040.816 0.12400
2448.980 2040.816 0.13522
2653.061 2040.816 0.14691
2857.143 2040.816 0.15885
3061.224 2040.816 0.17078
3265.306 2040.816 0.18239
3469.388 2040.816 0.19339
3673.469 2040.816 0.20350
3877.551 2040.816 0.21251
4081.633 2040.816 0.22025
4285.714 2040.816 0.22665
4489.796 2040.816 0.23163
4693.878 2040.816 0.23520
4897.959 2040.816 0.23733
5102.041 2040.816 0.23804
5306.122 2040.816 0.23733
5510.204 2040.816 0.23520
5714.286 2040.816 0.23163
5918.367 2040.816 0.22665
6122.449 2040.816 0.22025
6326.531 2040.816 0.21251
6530.612 2040.816 0.20350
6734.694 2040.816 0.19339
6938.776 2040.816 0.18239
7142.857 2040.816 0.17078
7346.939 2040.816 0.15885
7551.020 2040.816 0.14691
7755.102 2040.816 0.13522
7959.184 2040.816 0.12400
8163.265 2040.816 0.11341
8367.347 2040.816 0.10353
8571.429 2040.816 0.09442
8775.510 2040.816 0.08607
8979.592 2040.816 0.07847
9183.673 2040.816 0.07157
9387.755 2040.816 0.06532
9591.837 2040.816 0.05969
9795.918 2040.816 0.05460
10000.000 2040.816 0.05001
0.000 2244.898 0.04818
204.082 2244.898 0.05267
408.163 2244.898 0.05769
612.245 2244.898 0.06327
816.327 2244.898 0.06950
1020.408 2244.898 0.07643
1224.490 2244.898 0.08415
1428.571 2244.898 0.09271
1632.653 2244.898 0.10219
1836.735 2244.898 0.11261
2040.816 2244.898 0.12400
2244.898 2244.898 0.13632
2448.980 2244.898 0.14946
2653.061 2244.898 0.16324
2857.143 2244.898 0.17740
3061.224 2244.898 0.19158
3265.306 2244.898 0.20539
3469.388 2244.898 0.21844
3673.469 2244.898 0.23039
3877.551 2244.898 0.24096
4081.633 2244.898 0.24999
4285.714 2244.898 0.25739
4489.796 2244.898 0.26313
4693.878 2244.898 0.26721
4897.959 2244.898 0.26964
5102.041 2244.898 0.27045
5306.122 2244.898 0.26964
5510.204 2244.898 0.26721
5714.286 2244.898 0.26313
5918.367 2244.898 0.25739
6122.449 2244.898 0.24999
6326.531 2244.898 0.24096
6530.612 2244.898 0.23039
6734.694 2244.898 0.21844
6938.776 2244.898 0.20539
7142.857 2244.898 0.19158
7346.939 2244.898 0.17740
7551.020 2244.898 0.16324
7755.102 2244.898 0.14946
7959.184 2244.898 0.13632
8163.265 2244.898 0.12400
8367.347 2244.898 0.11261
8571.429 2244.898 0.10219
8775.510 2244.898 0.09271
8979.592 2244.898 0.08415
9183.673 2244.898 0.07643
9387.755 2244.898 0.06950
9591.837 2244.898 0.06327
9795.918 2244.898 0.05769
10000.000 2244.898 0.05267
0.000 2448.980 0.05049
204.082 2448.980 0.05536
408.163 2448.980 0.06081
612.245 2448.980 0.06691
816.327 2448.980 0.07375
1020.408 2448.980 0.08142
1224.490 2448.980 0.09000
1428.571 2448.980 0.09960
1632.653 2448.980 0.11029
1836.735 2448.980 0.12216
2040.816 2448.980 0.13522
2244.898 2448.980 0.14946
2448.980 2448.980 0.16477
2653.061 2448.980 0.18094
2857.143 2448.980 0.19763
3061.224 2448.980 0.21440
3265.306 2448.980 0.23073
3469.388 2448.980 0.24611
3673.469 2448.980 0.26011
3877.551 2448.980 0.27242
4081.633 2448.980 0.28284
4285.714 2448.980 0.29131
4489.796 2448.980 0.29783
4693.878 2448.980 0.30243
4897.959 2448.980 0.30517
5102.041 2448.980 0.30608
5306.122 2448.980 0.30517
5510.204 2448.980 0.30243
5714.286 2448.980 0.29783
5918.367 2448.980 0.29131
6122.449 2448.980 0.28284
6326.531 2448.980 0.27242
6530.612 2448.980 0.26011
6734.694 2448.980 0.24611
6938.776 2448.980 0.23073
7142.857 2448.980 0.21440
7346.939 2448.980 0.19763
7551.020 2448.980 0.18094
7755.102 2448.980 0.16477
7959.184 2448.980 0.14946
8163.265 2448.980 0.13522
8367.347 2448.980 0.12216
8571.429 2448.980 0.11029
8775.510 2448.980 0.09960
8979.592 2448.980 0.09000
9183.673 2448.980 0.08142
9387.755 2448.980 0.07375
9591.837 2448.980 0.06691
9795.918 2448.980 0.06081
10000.000 2448.980 0.05536
0.000 2653.061 0.05278
204.082 2653.061 0.05803
408.163 2653.061 0.06393
612.245 2653.061 0.07056
816.327 2653.061 0.07804
1020.408 2653.061 0.08647
1224.490 2653.061 0.09596
1428.571 2653.061 0.10665
1632.653 2653.061 0.11864
1836.735 2653.061 0.13204
2040.816 2653.061 0.14691
2244.898 2653.061 0.16324
2448.980 2653.061 0.18094
2653.061 2653.061 0.19975
2857.143 2653.061 0.21927
3061.224 2653.061 0.23892
3265.306 2653.061 0.25806
3469.388 2653.061 0.27602
3673.469 2653.061 0.29226
3877.551 2653.061 0.30641
4081.633 2653.061 0.31830
4285.714 2653.061 0.32788
4489.796 2653.061 0.33519
4693.878 2653.061 0.34032
4897.959 2653.061 0.34336
5102.041 2653.061 0.34437
5306.122 2653.061 0.34336
5510.204 2653.061 0.34032
5714.286 2653.061 0.33519
5918.367 2653.061 0.32788
6122.449 2653.061 0.31830
6326.531 2653.061 0.30641
6530.612 2653.061 0.29226
6734.694 2653.061 0.27602
6938.776 2653.061 0.25806
7142.857 2653.061 0.23892
7346.939 2653.061 0.21927
7551.020 2653.061 0.19975
7755.102 2653.061 0.18094
7959.184 2653.061 0.16324
8163.265 2653.061 0.14691
8367.347 2653.061 0.13204
8571.429 2653.061 0.11864
8775.510 2653.061 0.10665
8979.592 2653.061 0.09596
9183.673 2653.061 0.08647
9387.755 2653.061 0.07804
9591.837 2653.061 0.07056
9795.918 2653.061 0.06393
10000.000 2653.061 0.05803
0.000 2857.143 0.05503
204.082 2857.143 0.06066
408.163 2857.143 0.06701
612.245 2857.143 0.07418
816.327 2857.143 0.08231
1020.408 2857.143 0.09151
1224.490 2857.143 0.10194
1428.571 2857.143 0.11375
1632.653 2857.143 0.12708
1836.735 2857.143 0.14208
2040.816 2857.143 0.15885
2244.898 2857.143 0.17740
2448.980 2857.143 0.19763
2653.061 2857.143 0.21927
2857.143 2857.143 0.24182
3061.224 2857.143 0.26457
3265.306 2857.143 0.28671
3469.388 2857.143 0.30741
3673.469 2857.143 0.32601
3877.551 2857.143 0.34210
4081.633 2857.143 0.35548
4285.714 2857.143 0.36618
4489.796 2857.143 0.37428
4693.878 2857.143 0.37993
4897.959 2857.143 0.38327
5102.041 2857.143 0.38437
5306.122 2857.143 0.38327
5510.204 2857.143 0.37993
5714.286 2857.143 0.37428
5918.367 2857.143 0.36618
6122.449 2857.143 0.35548
6326.531 2857.143 0.34210
6530.612 2857.143 0.32601
6734.694 2857.143 0.30741
6938.776 2857.143 0.28671
7142.857 2857.143 0.26457
7346.939 2857.143 0.24182
7551.020 2857.143 0.21927
7755.102 2857.143 0.19763
7959.184 2857.143 0.17740
8163.265 2857.143 0.15885
8367.347 2857.143 0.14208
8571.429 2857.143 0.12708
8775.510 2857.143 0.11375
8979.592 2857.143 0.10194
9183.673 2857.143 0.09151
9387.755 2857.143 0.08231
9591.837 2857.143 0.07418
9795.918 2857.143 0.06701
10000.000 2857.143 0.06066
0.000 3061.224 0.05721
204.082 3061.224 0.06321
408.163 3061.224 0.07001
612.245 3061.224 0.07772
816.327 3061.224 0.08649
1020.408 3061.224 0.09647
1224.490 3061.224 0.10784
1428.571 3061.224 0.12077
1632.653 3061.224 0.13546
1836.735 3061.224 0.15209
2040.816 3061.224 0.17078
2244.898 3061.224 0.19158
2448.980 3061.224 0.21440
2653.061 3061.224 0.23892
2857.143 3061.224 0.26457
3061.224 3061.224 0.29050
3265.306 3061.224 0.31571
3469.388 3061.224 0.33920
3673.469 3061.224 0.36020
3877.551 3061.224 0.37823
4081.633 3061.224 0.39312
4285.714 3061.224 0.40492
4489.796 3061.224 0.41381
4693.878 3061.224 0.41998
4897.959 3061.224 0.42360
5102.041 3061.224 0.42479
5306.122 3061.224 0.42360
5510.204 3061.224 0.41998
5714.286 3061.224 0.41381
5918.367 3061.224 0.40492
6122.449 3061.224 0.39312
6326.531 3061.224 0.37823
6530.612 3061.224 0.36020
6734.694 3061.224 0.33920
6938.776 3061.224 0.31571
7142.857 3061.224 0.29050
7346.939 3061.224 0.26457
7551.020 3061.224 0.23892
7755.102 3061.224 0.21440
7959.184 3061.224 0.19158
8163.265 3061.224 0.17078
8367.347 3061.224 0.15209
8571.429 3061.224 0.13546
8775.510 3061.224 0.12077
8979.592 3061.224 0.10784
9183.673 3061.224 0.09647
9387.755 3061.224 0.08649
9591.837 3061.224 0.07772
9795.918 3061.224 0.07001
10000.000 3061.224 0.06321
0.000 3265.306 0.05930
204.082 3265.306 0.06566
408.163 3265.306 0.07289
612.245 3265.306 0.08112
816.327 3265.306 0.09052
1020.408 3265.306 0.10127
1224.490 3265.306 0.11355
1428.571 3265.306 0.12759
1632.653 3265.306 0.14361
1836.735 3265.306 0.16182
2040.816 3265.306 0.18239
2244.898 3265.306 0.20539
2448.980 3265.306 0.23073
2653.061 3265.306 0.25806
2857.143 3265.306 0.28671
3061.224 3265.306 0.31571
3265.306 3265.306 0.34389
3469.388 3265.306 0.37009
3673.469 3265.306 0.39342
3877.551 3265.306 0.41334
4081.633 3265.306 0.42971
4285.714 3265.306 0.44261
4489.796 3265.306 0.45228
4693.878 3265.306 0.45896
4897.959 3265.306 0.46287
5102.041 3265.306 0.46416
5306.122 3265.306 0.46287
5510.204 3265.306 0.45896
5714.286 3265.306 0.45228
5918.367 3265.306 0.44261
6122.449 3265.306 0.42971
6326.531 3265.306 0.41334
6530.612 3265.306 0.39342
6734.694 3265.306 0.37009
6938.776 3265.306 0.34389
7142.857 3265.306 0.31571
7346.939 3265.306 0.28671
7551.020 3265.306 0.25806
7755.102 3265.306 0.23073
7959.184 3265.306 0.20539
8163.265 3265.306 0.18239
8367.347 3265.306 0.16182
8571.429 3265.306 0.14361
8775.510 3265.306 0.12759
8979.592 3265.306 0.11355
9183.673 3265.306 0.10127
9387.755 3265.306 0.09052
9591.837 3265.306 0.08112
9795.918 3265.306 0.07289
10000.000 3265.306 0.06566
0.000 3469.388 0.06125
204.082 3469.388 0.06796
408.163 3469.388 0.07560
612.245 3469.388 0.08434
816.327 3469.388 0.09434
1020.408 3469.388 0.10581
1224.490 3469.388 0.11896
1428.571 3469.388 0.13405
1632.653 3469.388 0.15133
1836.735 3469.388 0.17105
2040.816 3469.388 0.19339
2244.898 3469.388 0.21844
2448.980 3469.388 0.24611
2653.061 3469.388 0.27602
2857.143 3469.388 0.30741
3061.224 3469.388 0.33920
3265.306 3469.388 0.37009
3469.388 3469.388 0.39878
3673.469 3469.388 0.42428
3877.551 3469.388 0.44601
4081.633 3469.388 0.46380
4285.714 3469.388 0.47778
4489.796 3469.388 0.48822
4693.878 3469.388 0.49542
4897.959 3469.388 0.49963
5102.041 3469.388 0.50101
5306.122 3469.388 0.49963
5510.204 3469.388 0.49542
5714.286 3469.388 0.48822
5918.367 3469.388 0.47778
6122.449 3469.388 0.46380
6326.531 3469.388 0.44601
6530.612 3469.388 0.42428
6734.694 3469.388 0.39878
6938.776 3469.388 0.37009
7142.857 3469.388 0.33920
7346.939 3469.388 0.30741
7551.020 3469.388 0.27602
7755.102 3469.388 0.24611
7959.184 3469.388 0.21844
8163.265 3469.388 0.19339
8367.347 3469.388 0.17105
8571.429 3469.388 0.15133
8775.510 3469.388 0.13405
8979.592 3469.388 0.11896
9183.673 3469.388 0.10581
9387.755 3469.388 0.09434
9591.837 3469.388 0.08434
9795.918 3469.388 0.07560
10000.000 3469.388 0.06796
0.000 3673.469 0.06305
204.082 3673.469 0.07008
408.163 3673.469 0.07811
612.245 3673.469 0.08731
816.327 3673.469 0.09787
1020.408 3673.469 0.11001
1224.490 3673.469 0.12398
1428.571 3673.469 0.14004
1632.653 3673.469 0.15848
1836.735 3673.469 0.17956
2040.816 3673.469 0.20350
2244.898 3673.469 0.23039
2448.980 3673.469 0.26011
2653.061 3673.469 0.29226
2857.143 3673.469 0.32601
3061.224 3673.469 0.36020
3265.306 3673.469 0.39342
3469.388 3673.469 0.42428
3673.469 3673.469 0.45171
3877.551 3673.469 0.47509
4081.633 3673.469 0.49422
4285.714 3673.469 0.50925
4489.796 3673.469 0.52045
4693.878 3673.469 0.52817
4897.959 3673.469 0.53268
5102.041 3673.469 0.53416
5306.122 3673.469 0.53268
5510.204 3673.469 0.52817
5714.286 3673.469 0.52045
5918.367 3673.469 0.50925
6122.449 3673.469 0.49422
6326.531 3673.469 0.47509
6530.612 3673.469 0.45171
6734.694 3673.469 0.42428
6938.776 3673.469 0.39342
7142.857 3673.469 0.36020
7346.939 3673.469 0.32601
7551.020 3673.469 0.29226
7755.102 3673.469 0.26011
7959.184 3673.469 0.23039
8163.265 3673.469 0.20350
8367.347 3673.469 0.17956
8571.429 3673.469 0.15848
8775.510 3673.469 0.14004
8979.592 3673.469 0.12398
9183.673 3673.469 0.11001
9387.755 3673.469 0.09787
9591.837 3673.469 0.08731
9795.918 3673.469 0.07811
10000.000 3673.469 0.07008
0.000 3877.551 0.06467
204.082 3877.551 0.07199
408.163 3877.551 0.08037
612.245 3877.551 0.08999
816.327 3877.551 0.10106
1020.408 3877.551 0.11380
1224.490 3877.551 0.12850
1428.571 3877.551 0.14543
1632.653 3877.551 0.16490
1836.735 3877.551 0.18718
2040.816 3877.551 0.21251
2244.898 3877.551 0.24096
2448.980 3877.551 0.27242
2653.061 3877.551 0.30641
2857.143 3877.551 0.34210
3061.224 3877.551 0.37823
3265.306 3877.551 0.41334
3469.388 3877.551 0.44601
3673.469 3877.551 0.47509
3877.551 3877.551 0.49991
4081.633 3877.551 0.52027
4285.714 3877.551 0.53627
4489.796 3877.551 0.54821
4693.878 3877.551 0.55643
4897.959 3877.551 0.56123
5102.041 3877.551 0.56281
5306.122 3877.551 0.56123
5510.204 3877.551 0.55643
5714.286 3877.551 0.54821
5918.367 3877.551 0.53627
6122.449 3877.551 0.52027
6326.531 3877.551 0.49991
6530.612 3877.551 0.47509
6734.694 3877.551 0.44601
6938.776 3877.551 0.41334
7142.857 3877.551 0.37823
7346.939 3877.551 0.34210
7551.020 3877.551 0.30641
7755.102 3877.551 0.27242
7959.184 3877.551 0.24096
8163.265 3877.551 0.21251
8367.347 3877.551 0.18718
8571.429 3877.551 0.16490
8775.510 3877.551 0.14543
8979.592 3877.551 0.12850
9183.673 3877.551 0.11380
9387.755 3877.551 0.10106
9591.837 3877.551 0.08999
9795.918 3877.551 0.08037
10000.000 3877.551 0.07199
0.000 4081.633 0.06609
204.082 4081.633 0.07366
408.163 4081.633 0.08234
612.245 4081.633 0.09233
816.327 4081.633 0.10384
1020.408 4081.633 0.11712
1224.490 4081.633 0.13245
1428.571 4081.633 0.15013
1632.653 4081.633 0.17047
1836.735 4081.633 0.19377
2040.816 4081.633 0.22025
2244.898 4081.633 0.24999
2448.980 4081.633 0.28284
2653.061 4081.633 0.31830
2857.143 4081.633 0.35548
3061.224 4081.633 0.39312
3265.306 4081.633 0.42971
3469.388 4081.633 0.46380
3673.469 4081.633 0.49422
3877.551 4081.633 0.52027
4081.633 4081.633 0.54168
4285.714 4081.633 0.55855
4489.796 4081.633 0.57116
4693.878 4081.633 0.57986
4897.959 4081.633 0.58495
5102.041 4081.633 0.58662
5306.122 4081.633 0.58495
5510.204 4081.633 0.57986
5714.286 4081.633 0.57116
5918.367 4081.633 0.55855
6122.449 4081.633 0.54168
6326.531 4081.633 0.52027
6530.612 4081.633 0.49422
6734.694 4081.633 0.46380
6938.776 4081.633 0.42971
7142.857 4081.633 0.39312
7346.939 4081.633 0.35548
7551.020 4081.633 0.31830
7755.102 4081.633 0.28284
7959.184 4081.633 0.24999
8163.265 4081.633 0.22025
8367.347 4081.633 0.19377
8571.429 4081.633 0.17047
8775.510 4081.633 0.15013
8979.592 4081.633 0.13245
9183.673 4081.633 0.11712
9387.755 4081.633 0.10384
9591.837 4081.633 0.09233
9795.918 4081.633 0.08234
10000.000 4081.633 0.07366
0.000 4285.714 0.06728
204.082 4285.714 0.07506
408.163 4285.714 0.08401
612.245 4285.714 0.09430
816.327 4285.714 0.10618
1020.408 4285.714 0.11991
1224.490 4285.714 0.13576
1428.571 4285.714 0.15406
1632.653 4285.714 0.17512
1836.735 4285.714 0.19924
2040.816 4285.714 0.22665
2244.898 4285.714 0.25739
2448.980 4285.714 0.29131
2653.061 4285.714 0.32788
2857.143 4285.714 0.36618
3061.224 4285.714 0.40492
3265.306 4285.714 0.44261
3469.388 4285.714 0.47778
3673.469 4285.714 0.50925
3877.551 4285.714 0.53627
4081.633 4285.714 0.55855
4285.714 4285.714 0.57615
4489.796 4285.714 0.58935
4693.878 4285.714 0.59847
4897.959 4285.714 0.60380
5102.041 4285.714 0.60556
5306.122 4285.714 0.60380
5510.204 4285.714 0.59847
5714.286 4285.714 0.58935
5918.367 4285.714 0.57615
6122.449 4285.714 0.55855
6326.531 4285.714 0.53627
6530.612 4285.714 0.50925
6734.694 4285.714 0.47778
6938.776 4285.714 0.44261
7142.857 4285.714 0.40492
7346.939 4285.714 0.36618
7551.020 4285.714 0.32788
7755.102 4285.714 0.29131
7959.184 4285.714 0.25739
8163.265 4285.714 0.22665
8367.347 4285.714 0.19924
8571.429 4285.714 0.17512
8775.510 4285.714 0.15406
8979.592 4285.714 0.13576
9183.673 4285.714 0.11991
9387.755 4285.714 0.10618
9591.837 4285.714 0.09430
9795.918 4285.714 0.08401
10000.000 4285.714 0.07506
0.000 4489.796 0.06822
204.082 4489.796 0.07618
408.163 4489.796 0.08533
612.245 4489.796 0.09587
816.327 4489.796 0.10804
1020.408 4489.796 0.12211
1224.490 4489.796 0.13838
1428.571 4489.796 0.15716
1632.653 4489.796 0.17878
1836.735 4489.796 0.20354
2040.816 4489.796 0.23163
2244.898 4489.796 0.26313
2448.980 4489.796 0.29783
2653.061 4489.796 0.33519
2857.143 4489.796 0.37428
3061.224 4489.796 0.41381
3265.306 4489.796 0.45228
3469.388 4489.796 0.48822
3673.469 4489.796 0.52045
3877.551 4489.796 0.54821
4081.633 4489.796 0.57116
4285.714 4489.796 0.58935
4489.796 4489.796 0.60301
4693.878 4489.796 0.61247
4897.959 4489.796 0.61801
5102.041 4489.796 0.61984
5306.122 4489.796 0.61801
5510.204 4489.796 0.61247
5714.286 4489.796 0.60301
5918.367 4489.796 0.58935
6122.449 4489.796 0.57116
6326.531 4489.796 0.54821
6530.612 4489.796 0.52045
6734.694 4489.796 0.48822
6938.776 4489.796 0.45228
7142.857 4489.796 0.41381
7346.939 4489.796 0.37428
7551.020 4489.796 0.33519
7755.102 4489.796 0.29783
7959.184 4489.796 0.26313
8163.265 4489.796 0.23163
8367.347 4489.796 0.20354
8571.429 4489.796 0.17878
8775.510 4489.796 0.15716
8979.592 4489.796 0.13838
9183.673 4489.796 0.12211
9387.755 4489.796 0.10804
9591.837 4489.796 0.09587
9795.918 4489.796 0.08533
10000.000 4489.796 0.07618
0.000 4693.878 0.06890
204.082 4693.878 0.07698
408.163 4693.878 0.08628
612.245 4693.878 0.09700
816.327 4693.878 0.10939
1020.408 4693.878 0.12371
1224.490 4693.878 0.14028
1428.571 4693.878 0.15940
1632.653 4693.878 0.18142
1836.735 4693.878 0.20661
2040.816 4693.878 0.23520
2244.898 4693.878 0.26721
2448.980 4693.878 0.30243
2653.061 4693.878 0.34032
2857.143 4693.878 0.37993
3061.224 4693.878 0.41998
3265.306 4693.878 0.45896
3469.388 4693.878 0.49542
3673.469 4693.878 0.52817
3877.551 4693.878 0.55643
4081.633 4693.878 0.57986
4285.714 4693.878 0.59847
4489.796 4693.878 0.61247
4693.878 4693.878 0.62218
4897.959 4693.878 0.62787
5102.041 4693.878 0.62974
5306.122 4693.878 0.62787
5510.204 4693.878 0.62218
5714.286 4693.878 0.61247
5918.367 4693.878 0.59847
6122.449 4693.878 0.57986
6326.531 4693.878 0.55643
6530.612 4693.878 0.52817
6734.694 4693.878 0.49542
6938.776 4693.878 0.45896
7142.857 4693.878 0.41998
7346.939 4693.878 0.37993
7551.020 4693.878 0.34032
7755.102 4693.878 0.30243
7959.184 4693.878 0.26721
8163.265 4693.878 0.23520
8367.347 4693.878 0.20661
8571.429 4693.878 0.18142
8775.510 4693.878 0.15940
8979.592 4693.878 0.14028
9183.673 4693.878 0.12371
9387.755 4693.878 0.10939
9591.837 4693.878 0.09700
9795.918 4693.878 0.08628
10000.000 4693.878 0.07698
0.000 4897.959 0.06932
204.082 4897.959 0.07747
408.163 4897.959 0.08686
612.245 4897.959 0.09769
816.327 4897.959 0.11021
1020.408 4897.959 0.12468
1224.490 4897.959 0.14142
1428.571 4897.959 0.16076
1632.653 4897.959 0.18301
1836.735 4897.959 0.20846
2040.816 4897.959 0.23733
2244.898 4897.959 0.26964
2448.980 4897.959 0.30517
2653.061 4897.959 0.34336
2857.143 4897.959 0.38327
3061.224 4897.959 0.42360
3265.306 4897.959 0.46287
3469.388 4897.959 0.49963
3673.469 4897.959 0.53268
3877.551 4897.959 0.56123
4081.633 4897.959 0.58495
4285.714 4897.959 0.60380
4489.796 4897.959 0.61801
4693.878 4897.959 0.62787
4897.959 4897.959 0.63366
5102.041 4897.959 0.63556
5306.122 4897.959 0.63366
5510.204 4897.959 0.62787
5714.286 4897.959 0.61801
5918.367 4897.959 0.60380
6122.449 4897.959 0.58495
6326.531 4897.959 0.56123
6530.612 4897.959 0.53268
6734.694 4897.959 0.49963
6938.776 4897.959 0.46287
7142.857 4897.959 0.42360
7346.939 4897.959 0.38327
7551.020 4897.959 0.34336
7755.102 4897.959 0.30517
7959.184 4897.959 0.26964
8163.265 4897.959 0.23733
8367.347 4897.959 0.20846
8571.429 4897.959 0.18301
8775.510 4897.959 0.16076
8979.592 4897.959 0.14142
9183.673 4897.959 0.12468
9387.755 4897.959 0.11021
9591.837 4897.959 0.09769
9795.918 4897.959 0.08686
10000.000 4897.959 0.07747
0.000 5102.041 0.06946
204.082 5102.041 0.07764
408.163 5102.041 0.08706
612.245 5102.041 0.09792
816.327 5102.041 0.11048
1020.408 5102.041 0.12501
1224.490 5102.041 0.14181
1428.571 5102.041 0.16121
1632.653 5102.041 0.18354
1836.735 5102.041 0.20908
2040.816 5102.041 0.23804
2244.898 5102.041 0.27045
2448.980 5102.041 0.30608
2653.061 5102.041 0.34437
2857.143 5102.041 0.38437
3061.224 5102.041 0.42479
3265.306 5102.041 0.46416
3469.388 5102.041 0.50101
3673.469 5102.041 0.53416
3877.551 5102.041 0.56281
4081.633 5102.041 0.58662
4285.714 5102.041 0.60556
4489.796 5102.041 0.61984
4693.878 5102.041 0.62974
4897.959 5102.041 0.63556
5102.041 5102.041 0.63748
5306.122 5102.041 0.63556
5510.204 5102.041 0.62974
5714.286 5102.041 0.61984
5918.367 5102.041 0.60556
6122.449 5102.041 0.58662
6326.531 5102.041 0.56281
6530.612 5102.041 0.53416
6734.694 5102.041 0.50101
6938.776 5102.041 0.46416
7142.857 5102.041 0.42479
7346.939 5102.041 0.38437
7551.020 5102.041 0.34437
7755.102 5102.041 0.30608
7959.184 5102.041 0.27045
8163.265 5102.041 0.23804
8367.347 5102.041 0.20908
8571.429 5102.041 0.18354
8775.510 5102.041 0.16121
8979.592 5102.041 0.14181
9183.673 5102.041 0.12501
9387.755 5102.041 0.11048
9591.837 5102.041 0.09792
9795.918 5102.041 0.08706
10000.000 5102.041 0.07764
0.000 5306.122 0.06932
204.082 5306.122 0.07747
408.163 5306.122 0.08686
612.245 5306.122 0.09769
816.327 5306.122 0.11021
1020.408 5306.122 0.12468
1224.490 5306.122 0.14142
1428.571 5306.122 0.16076
1632.653 5306.122 0.18301
1836.735 5306.122 0.20846
2040.816 5306.122 0.23733
2244.898 5306.122 0.26964
2448.980 5306.122 0.30517
2653.061 5306.122 0.34336
2857.143 5306.122 0.38327
3061.224 5306.122 0.42360
3265.306 5306.122 0.46287
3469.388 5306.122 0.49963
3673.469 5306.122 0.53268
3877.551 5306.122 0.56123
4081.633 5306.122 0.58495
4285.714 5306.122 0.60380
4489.796 5306.122 0.61801
4693.878 5306.122 0.62787
4897.959 5306.122 0.63366
5102.041 5306.122 0.63556
5306.122 5306.122 0.63366
5510.204 5306.122 0.62787
5714.286 5306.122 0.61801
5918.367 5306.122 0.60380
6122.449 5306.122 0.58495
6326.531 5306.122 0.56123
6530.612 5306.122 0.53268
6734.694 5306.122 0.49963
6938.776 5306.122 0.46287
7142.857 5306.122 0.42360
7346.939 5306.122 0.38327
7551.020 5306.122 0.34336
7755.102 5306.122 0.30517
7959.184 5306.122 0.26964
8163.265 5306.122 0.23733
8367.347 5306.122 0.20846
8571.429 5306.122 0.18301
8775.510 5306.122 0.16076
8979.592 5306.122 0.14142
9183.673 5306.122 0.12468
9387.755 5306.122 0.11021
9591.837 5306.122 0.09769
9795.918 5306.122 0.08686
10000.000 5306.122 0.07747
0.000 5510.204 0.06890
204.082 5510.204 0.07698
408.163 5510.204 0.08628
612.245 5510.204 0.09700
816.327 5510.204 0.10939
1020.408 5510.204 0.12371
1224.490 5510.204 0.14028
1428.571 5510.204 0.15940
1632.653 5510.204 0.18142
1836.735 5510.204 0.20661
2040.816 5510.204 0.23520
2244.898 5510.204 0.26721
2448.980 5510.204 0.30243
2653.061 5510.204 0.34032
2857.143 5510.204 0.37993
3061.224 5510.204 0.41998
3265.306 5510.204 0.45896
3469.388 5510.204 0.49542
3673.469 5510.204 0.52817
3877.551 5510.204 0.55643
4081.633 5510.204 0.57986
4285.714 5510.204 0.59847
4489.796 5510.204 0.61247
4693.878 5510.204 0.62218
4897.959 5510.204 0.62787
5102.041 5510.204 0.62974
5306.122 5510.204 0.62787
5510.204 5510.204 0.62218
5714.286 5510.204 0.61247
5918.367 5510.204 0.59847
6122.449 5510.204 0.57986
6326.531 5510.204 0.55643
6530.612 5510.204 0.52817
6734.694 5510.204 0.49542
6938.776 5510.204 0.45896
7142.857 5510.204 0.41998
7346.939 5510.204 0.37993
7551.020 5510.204 0.34032
7755.102 5510.204 0.30243
7959.184 5510.204 0.26721
8163.265 5510.204 0.23520
8367.347 5510.204 0.20661
8571.429 5510.204 0.18142
8775.510 5510.204 0.15940
8979.592 5510.204 0.14028
9183.673 5510.204 0.12371
9387.755 5510.204 0.10939
9591.837 5510.204 0.09700
9795.918 5510.204 0.08628
10000.000 5510.204 0.07698
0.000 5714.286 0.06822
204.082 5714.286 0.07618
408.163 5714.286 0.08533
612.245 5714.286 0.09587
816.327 5714.286 0.10804
1020.408 5714.286 0.12211
1224.490 5714.286 0.13838
1428.571 5714.286 0.15716
1632.653 5714.286 0.17878
1836.735 5714.286 0.20354
2040.816 5714.286 0.23163
2244.898 5714.286 0.26313
2448.980 5714.286 0.29783
2653.061 5714.286 0.33519
2857.143 5714.286 0.37428
3061.224 5714.286 0.41381
3265.306 5714.286 0.45228
3469.388 5714.286 0.48822
3673.469 5714.286 0.52045
3877.551 5714.286 0.54821
4081.633 5714.286 0.57116
4285.714 5714.286 0.58935
4489.796 5714.286 0.60301
4693.878 5714.286 0.61247
4897.959 5714.286 0.61801
5102.041 5714.286 0.61984
5306.122 5714.286 0.61801
5510.204 5714.286 0.61247
5714.286 5714.286 0.60301
5918.367 5714.286 0.58935
6122.449 5714.286 0.57116
6326.531 5714.286 0.54821
6530.612 5714.286 0.52045
6734.694 5714.286 0.48822
6938.776 5714.286 0.45228
7142.857 5714.286 0.41381
7346.939 5714.286 0.37428
7551.020 5714.286 0.33519
7755.102 5714.286 0.29783
7959.184 5714.286 0.26313
8163.265 5714.286 0.23163
8367.347 5714.286 0.20354
8571.429 5714.286 0.17878
8775.510 5714.286 0.15716
8979.592 5714.286 0.13838
9183.673 5714.286 0.12211
9387.755 5714.286 0.10804
9591.837 5714.286 0.09587
9795.918 5714.286 0.08533
10000.000 5714.286 0.07618
0.000 5918.367 0.06728
204.082 5918.367 0.07506
408.163 5918.367 0.08401
612.245 5918.367 0.09430
816.327 5918.367 0.10618
1020.408 5918.367 0.11991
1224.490 5918.367 0.13576
1428.571 5918.367 0.15406
1632.653 5918.367 0.17512
1836.735 5918.367 0.19924
2040.816 5918.367 0.22665
2244.898 5918.367 0.25739
2448.980 5918.367 0.29131
2653.061 5918.367 0.32788
2857.143 5918.367 0.36618
3061.224 5918.367 0.40492
3265.306 5918.367 0.44261
3469.388 5918.367 0.47778
3673.469 5918.367 0.50925
3877.551 5918.367 0.53627
4081.633 5918.367 0.55855
4285.714 5918.367 0.57615
4489.796 5918.367 0.58935
4693.878 5918.367 0.59847
4897.959 5918.367 0.60380
5102.041 5918.367 0.60556
5306.122 5918.367 0.60380
5510.204 5918.367 0.59847
5714.286 5918.367 0.58935
5918.367 5918.367 0.57615
6122.449 5918.367 0.55855
6326.531 5918.367 0.53627
6530.612 5918.367 0.50925
6734.694 5918.367 0.47778
6938.776 5918.367 0.44261
7142.857 5918.367 0.40492
7346.939 5918.367 0.36618
7551.020 5918.367 0.32788
7755.102 5918.367 0.29131
7959.184 5918.367 0.25739
8163.265 5918.367 0.22665
8367.347 5918.367 0.19924
8571.429 5918.367 0.17512
8775.510 5918.367 0.15406
8979.592 5918.367 0.13576
9183.673 5918.367 0.11991
9387.755 5918.367 0.10618
9591.837 5918.367 0.09430
9795.918 5918.367 0.08401
10000.000 5918.367 0.07506
0.000 6122.449 0.06609
204.082 6122.449 0.07366
408.163 6122.449 0.08234
612.245 6122.449 0.09233
816.327 6122.449 0.10384
1020.408 6122.449 0.11712
1224.490 6122.449 0.13245
1428.571 6122.449 0.15013
1632.653 6122.449 0.17047
1836.735 6122.449 0.19377
2040.816 6122.449 0.22025
2244.898 6122.449 0.24999
2448.980 6122.449 0.28284
2653.061 6122.449 0.31830
2857.143 6122.449 0.35548
3061.224 6122.449 0.39312
3265.306 6122.449 0.42971
3469.388 6122.449 0.46380
3673.469 6122.449 0.49422
3877.551 6122.449 0.52027
4081.633 6122.449 0.54168
4285.714 6122.449 0.55855
4489.796 6122.449 0.57116
4693.878 6122.449 0.57986
4897.959 6122.449 0.58495
5102.041 6122.449 0.58662
5306.122 6122.449 0.58495
5510.204 6122.449 0.57986
5714.286 6122.449 0.57116
5918.367 6122.449 0.55855
6122.449 6122.449 0.54168
6326.531 6122.449 0.52027
6530.612 6122.449 0.49422
6734.694 6122.449 0.46380
6938.776 6122.449 0.42971
7142.857 6122.449 0.39312
7346.939 6122.449 0.35548
7551.020 6122.449 0.31830
7755.102 6122.449 0.28284
7959.184 6122.449 0.24999
8163.265 6122.449 0.22025
8367.347 6122.449 0.19377
8571.429 6122.449 0.17047
8775.510 6122.449 0.15013
8979.592 6122.449 0.13245
9183.673 6122.449 0.11712
9387.755 6122.449 0.10384
9591.837 6122.449 0.09233
9795.918 6122.449 0.08234
10000.000 6122.449 0.07366
0.000 6326.531 0.06467
204.082 6326.531 0.07199
408.163 6326.531 0.08037
612.245 6326.531 0.08999
816.327 6326.531 0.10106
1020.408 6326.531 0.11380
1224.490 6326.531 0.12850
1428.571 6326.531 0.14543
1632.653 6326.531 0.16490
1836.735 6326.531 0.18718
2040.816 6326.531 0.21251
2244.898 6326.531 0.24096
2448.980 6326.531 0.27242
2653.061 6326.531 0.30641
2857.143 6326.531 0.34210
3061.224 6326.531 0.37823
3265.306 6326.531 0.41334
3469.388 6326.531 0.44601
3673.469 6326.531 0.47509
3877.551 6326.531 0.49991
4081.633 6326.531 0.52027
4285.714 6326.531 0.53627
4489.796 6326.531 0.54821
4693.878 6326.531 0.55643
4897.959 6326.531 0.56123
5102.041 6326.531 0.56281
5306.122 6326.531 0.56123
5510.204 6326.531 0.55643
5714.286 6326.531 0.54821
5918.367 6326.531 0.53627
6122.449 6326.531 0.52027
6326.531 6326.531 0.49991
6530.612 6326.531 0.47509
6734.694 6326.531 0.44601
6938.776 6326.531 0.41334
7142.857 6326.531 0.37823
7346.939 6326.531 0.34210
7551.020 6326.531 0.30641
7755.102 6326.531 0.27242
7959.184 6326.531 0.24096
8163.265 6326.531 0.21251
8367.347 6326.531 0.18718
8571.429 6326.531 0.16490
8775.510 6326.531 0.14543
8979.592 6326.531 0.12850
9183.673 6326.531 0.11380
9387.755 6326.531 0.10106
9591.837 6326.531 0.08999
9795.918 6326.531 0.08037
10000.000 6326.531 0.07199
0.000 6530.612 0.06305
204.082 6530.612 0.07008
408.163 6530.612 0.07811
612.245 6530.612 0.08731
816.327 6530.612 0.09787
1020.408 6530.612 0.11001
1224.490 6530.612 0.12398
1428.571 6530.612 0.14004
1632.653 6530.612 0.15848
1836.735 6530.612 0.17956
2040.816 6530.612 0.20350
2244.898 6530.612 0.23039
2448.980 6530.612 0.26011
2653.061 6530.612 0.29226
2857.143 6530.612 0.32601
3061.224 6530.612 0.36020
3265.306 6530.612 0.39342
3469.388 6530.612 0.42428
3673.469 6530.612 0.45171
3877.551 6530.612 0.47509
4081.633 6530.612 0.49422
4285.714 6530.612 0.50925
4489.796 6530.612 0.52045
4693.878 6530.612 0.52817
4897.959 6530.612 0.53268
5102.041 6530.612 0.53416
5306.122 6530.612 0.53268
5510.204 6530.612 0.52817
5714.286 6530.612 0.52045
5918.367 6530.612 0.50925
6122.449 6530.612 0.49422
6326.531 6530.612 0.47509
6530.612 6530.612 0.45171
6734.694 6530.612 0.42428
6938.776 6530.612 0.39342
7142.857 6530.612 0.36020
7346.939 6530.612 0.32601
7551.020 6530.612 0.29226
7755.102 6530.612 0.26011
7959.184 6530.612 0.23039
8163.265 6530.612 0.20350
8367.347 6530.612 0.17956
8571.429 6530.612 0.15848
8775.510 6530.612 0.14004
8979.592 6530.612 0.12398
9183.673 6530.612 0.11001
9387.755 6530.612 0.09787
9591.837 6530.612 0.08731
9795.918 6530.612 0.07811
10000.000 6530.612 0.07008
0.000 6734.694 0.06125
204.082 6734.694 0.06796
408.163 6734.694 0.07560
612.245 6734.694 0.08434
816.327 6734.694 0.09434
1020.408 6734.694 0.10581
1224.490 6734.694 0.11896
1428.571 6734.694 0.13405
1632.653 6734.694 0.15133
1836.735 6734.694 0.17105
2040.816 6734.694 0.19339
2244.898 6734.694 0.21844
2448.980 6734.694 0.24611
2653.061 6734.694 0.27602
2857.143 6734.694 0.30741
3061.224 6734.694 0.33920
3265.306 6734.694 0.37009
3469.388 6734.694 0.39878
3673.469 6734.694 0.42428
3877.551 6734.694 0.44601
4081.633 6734.694 0.46380
4285.714 6734.694 0.47778
4489.796 6734.694 0.48822
4693.878 6734.694 0.49542
4897.959 6734.694 0.49963
5102.041 6734.694 0.50101
5306.122 6734.694 0.49963
5510.204 6734.694 0.49542
5714.286 6734.694 0.48822
5918.367 6734.694 0.47778
6122.449 6734.694 0.46380
6326.531 6734.694 0.44601
6530.612 6734.694 0.42428
6734.694 6734.694 0.39878
6938.776 6734.694 0.37009
7142.857 6734.694 0.33920
7346.939 6734.694 0.30741
7551.020 6734.694 0.27602
7755.102 6734.694 0.24611
7959.184 6734.694 0.21844
8163.265 6734.694 0.19339
8367.347 6734.694 0.17105
8571.429 6734.694 0.15133
8775.510 6734.694 0.13405
8979.592 6734.694 0.11896
9183.673 6734.694 0.10581
9387.755 6734.694 0.09434
9591.837 6734.694 0.08434
9795.918 6734.694 0.07560
10000.000 6734.694 0.06796
0.000 6938.776 0.05930
204.082 6938.776 0.06566
408.163 6938.776 0.07289
612.245 6938.776 0.08112
816.327 6938.776 0.09052
1020.408 6938.776 0.10127
1224.490 6938.776 0.11355
1428.571 6938.776 0.12759
1632.653 6938.776 0.14361
1836.735 6938.776 0.16182
2040.816 6938.776 0.18239
2244.898 6938.776 0.20539
2448.980 6938.776 0.23073
2653.061 6938.776 0.25806
2857.143 6938.776 0.28671
3061.224 6938.776 0.31571
3265.306 6938.776 0.34389
3469.388 6938.776 0.37009
3673.469 6938.776 0.39342
3877.551 6938.776 0.41334
4081.633 6938.776 0.42971
4285.714 6938.776 0.44261
4489.796 6938.776 0.45228
4693.878 6938.776 0.45896
4897.959 6938.776 0.46287
5102.041 6938.776 0.46416
5306.122 6938.776 0.46287
5510.204 6938.776 0.45896
5714.286 6938.776 0.45228
5918.367 6938.776 0.44261
6122.449 6938.776 0.42971
6326.531 6938.776 0.41334
6530.612 6938.776 0.39342
6734.694 6938.776 0.37009
6938.776 6938.776 0.34389
7142.857 6938.776 0.31571
7346.939 6938.776 0.28671
7551.020 6938.776 0.25806
7755.102 6938.776 0.23073
7959.184 6938.776 0.20539
8163.265 6938.776 0.18239
8367.347 6938.776 0.16182
8571.429 6938.776 0.14361
8775.510 6938.776 0.12759
8979.592 6938.776 0.11355
9183.673 6938.776 0.10127
9387.755 6938.776 0.09052
9591.837 6938.776 0.08112
9795.918 6938.776 0.07289
10000.000 6938.776 0.06566
0.000 7142.857 0.05721
204.082 7142.857 0.06321
408.163 7142.857 0.07001
612.245 7142.857 0.07772
816.327 7142.857 0.08649
1020.408 7142.857 0.09647
1224.490 7142.857 0.10784
1428.571 7142.857 0.12077
1632.653 7142.857 0.13546
1836.735 7142.857 0.15209
2040.816 7142.857 0.17078
2244.898 7142.857 0.19158
2448.980 7142.857 0.21440
2653.061 7142.857 0.23892
2857.143 7142.857 0.26457
3061.224 7142.857 0.29050
3265.306 7142.857 0.31571
3469.388 7142.857 0.33920
3673.469 7142.857 0.36020
3877.551 7142.857 0.37823
4081.633 7142.857 0.39312
4285.714 7142.857 0.40492
4489.796 7142.857 0.41381
4693.878 7142.857 0.41998
4897.959 7142.857 0.42360
5102.041 7142.857 0.42479
5306.122 7142.857 0.42360
5510.204 7142.857 0.41998
5714.286 7142.857 0.41381
5918.367 7142.857 0.40492
6122.449 7142.857 0.39312
6326.531 7142.857 0.37823
6530.612 7142.857 0.36020
6734.694 7142.857 0.33920
6938.776 7142.857 0.31571
7142.857 7142.857 0.29050
7346.939 7142.857 0.26457
7551.020 7142.857 0.23892
7755.102 7142.857 0.21440
7959.184 7142.857 0.19158
8163.265 7142.857 0.17078
8367.347 7142.857 0.15209
8571.429 7142.857 0.13546
8775.510 7142.857 0.12077
8979.592 7142.857 0.10784
9183.673 7142.857 0.09647
9387.755 7142.857 0.08649
9591.837 7142.857 0.07772
9795.918 7142.857 0.07001
10000.000 7142.857 0.06321
0.000 7346.939 0.05503
204.082 7346.939 0.06066
408.163 7346.939 0.06701
612.245 7346.939 0.07418
816.327 7346.939 0.08231
1020.408 7346.939 0.09151
1224.490 7346.939 0.10194
1428.571 7346.939 0.11375
1632.653 7346.939 0.12708
1836.735 7346.939 0.14208
2040.816 7346.939 0.15885
2244.898 7346.939 0.17740
2448.980 7346.939 0.19763
2653.061 7346.939 0.21927
2857.143 7346.939 0.24182
3061.224 7346.939 0.26457
3265.306 7346.939 0.28671
3469.388 7346.939 0.30741
3673.469 7346.939 0.32601
3877.551 7346.939 0.34210
4081.633 7346.939 0.35548
4285.714 7346.939 0.36618
4489.796 7346.939 0.37428
4693.878 7346.939 0.37993
4897.959 7346.939 0.38327
5102.041 7346.939 0.38437
5306.122 7346.939 0.38327
5510.204 7346.939 0.37993
5714.286 7346.939 0.37428
5918.367 7346.939 0.36618
6122.449 7346.939 0.35548
6326.531 7346.939 0.34210
6530.612 7346.939 0.32601
6734.694 7346.939 0.30741
6938.776 7346.939 0.28671
7142.857 7346.939 0.26457
7346.939 7346.939 0.24182
7551.020 7346.939 0.21927
7755.102 7346.939 0.19763
7959.184 7346.939 0.17740
8163.265 7346.939 0.15885
8367.347 7346.939 0.14208
8571.429 7346.939 0.12708
8775.510 7346.939 0.11375
8979.592 7346.939 0.10194
9183.673 7346.939 0.09151
9387.755 7346.939 0.08231
9591.837 7346.939 0.07418
9795.918 7346.939 0.06701
10000.000 7346.939 0.06066
0.000 7551.020 0.05278
204.082 7551.020 0.05803
408.163 7551.020 0.06393
612.245 7551.020 0.07056
816.327 7551.020 0.07804
1020.408 7551.020 0.08647
1224.490 7551.020 0.09596
1428.571 7551.020 0.10665
1632.653 7551.020 0.11864
1836.735 7551.020 0.13204
2040.816 7551.020 0.14691
2244.898 7551.020 0.16324
2448.980 7551.020 0.18094
2653.061 7551.020 0.19975
2857.143 7551.020 0.21927
3061.224 7551.020 0.23892
3265.306 7551.020 0.25806
3469.388 7551.020 0.27602
3673.469 7551.020 0.29226
3877.551 7551.020 0.30641
4081.633 7551.020 0.31830
4285.714 7551.020 0.32788
4489.796 7551.020 0.33519
4693.878 7551.020 0.34032
4897.959 7551.020 0.34336
5102.041 7551.020 0.34437
5306.122 7551.020 0.34336
5510.204 7551.020 0.34032
5714.286 7551.020 0.33519
5918.367 7551.020 0.32788
6122.449 7551.020 0.31830
6326.531 7551.020 0.30641
6530.612 7551.020 0.29226
6734.694 7551.020 0.27602
6938.776 7551.020 0.25806
7142.857 7551.020 0.23892
7346.939 7551.020 0.21927
7551.020 7551.020 0.19975
7755.102 7551.020 0.18094
7959.184 7551.020 0.16324
8163.265 7551.020 0.14691
8367.347 7551.020 0.13204
8571.429 7551.020 0.11864
8775.510 7551.020 0.10665
8979.592 7551.020 0.09596
9183.673 7551.020 0.08647
9387.755 7551.020 0.07804
9591.837 7551.020 0.07056
9795.918 7551.020 0.06393
10000.000 7551.020 0.05803
0.000 7755.102 0.05049
204.082 7755.102 0.05536
408.163 7755.102 0.06081
612.245 7755.102 0.06691
816.327 7755.102 0.07375
1020.408 7755.102 0.08142
1224.490 7755.102 0.09000
1428.571 7755.102 0.09960
1632.653 7755.102 0.11029
1836.735 7755.102 0.12216
2040.816 7755.102 0.13522
2244.898 7755.102 0.14946
2448.980 7755.102 0.16477
2653.061 7755.102 0.18094
2857.143 7755.102 0.19763
3061.224 7755.102 0.21440
3265.306 7755.102 0.23073
3469.388 7755.102 0.24611
3673.469 7755.102 0.26011
3877.551 7755.102 0.27242
4081.633 7755.102 0.28284
4285.714 7755.102 0.29131
4489.796 7755.102 0.29783
4693.878 7755.102 0.30243
4897.959 7755.102 0.30517
5102.041 7755.102 0.30608
5306.122 7755.102 0.30517
5510.204 7755.102 0.30243
5714.286 7755.102 0.29783
5918.367 7755.102 0.29131
6122.449 7755.102 0.28284
6326.531 7755.102 0.27242
6530.612 7755.102 0.26011
6734.694 7755.102 0.24611
6938.776 7755.102 0.23073
7142.857 7755.102 0.21440
7346.939 7755.102 0.19763
7551.020 7755.102 0.18094
7755.102 7755.102 0.16477
7959.184 7755.102 0.14946
8163.265 7755.102 0.13522
8367.347 7755.102 0.12216
8571.429 7755.102 0.11029
8775.510 7755.102 0.09960
8979.592 7755.102 0.09000
9183.673 7755.102 0.08142
9387.755 7755.102 0.07375
9591.837 7755.102 0.06691
9795.918 7755.102 0.06081
10000.000 7755.102 0.05536
0.000 7959.184 0.04818
204.082 7959.184 0.05267
408.163 7959.184 0.05769
612.245 7959.184 0.06327
816.327 7959.184 0.06950
1020.408 7959.184 0.07643
1224.490 7959.184 0.08415
1428.571 7959.184 0.09271
1632.653 7959.184 0.10219
1836.735 7959.184 0.11261
2040.816 7959.184 0.12400
2244.898 7959.184 0.13632
2448.980 7959.184 0.14946
2653.061 7959.184 0.16324
2857.143 7959.184 0.17740
3061.224 7959.184 0.19158
3265.306 7959.184 0.20539
3469.388 7959.184 0.21844
3673.469 7959.184 0.23039
3877.551 7959.184 0.24096
4081.633 7959.184 0.24999
4285.714 7959.184 0.25739
4489.796 7959.184 0.26313
4693.878 7959.184 0.26721
4897.959 7959.184 0.26964
5102.041 7959.184 0.27045
5306.122 7959.184 0.26964
5510.204 7959.184 0.26721
5714.286 7959.184 0.26313
5918.367 7959.184 0.25739
6122.449 7959.184 0.24999
6326.531 7959.184 0.24096
6530.612 7959.184 0.23039
6734.694 7959.184 0.21844
6938.776 7959.184 0.20539
7142.857 7959.184 0.19158
7346.939 7959.184 0.17740
7551.020 7959.184 0.16324
7755.102 7959.184 0.14946
7959.184 7959.184 0.13632
8163.265 7959.184 0.12400
8367.347 7959.184 0.11261
8571.429 7959.184 0.10219
8775.510 7959.184 0.09271
8979.592 7959.184 0.08415
9183.673 7959.184 0.07643
9387.755 7959.184 0.06950
9591.837 7959.184 0.06327
9795.918 7959.184 0.05769
10000.000 7959.184 0.05267
0.000 8163.265 0.04587
204.082 8163.265 0.05001
408.163 8163.265 0.05460
612.245 8163.265 0.05969
816.327 8163.265 0.06532
1020.408 8163.265 0.07157
1224.490 8163.265 0.07847
1428.571 8163.265 0.08607
1632.653 8163.265 0.09442
1836.735 8163.265 0.10353
2040.816 8163.265 0.11341
2244.898 8163.265 0.12400
2448.980 8163.265 0.13522
2653.061 8163.265 0.14691
2857.143 8163.265 0.15885
3061.224 8163.265 0.17078
3265.306 8163.265 0.18239
3469.388 8163.265 0.19339
3673.469 8163.265 0.20350
3877.551 8163.265 0.21251
4081.633 8163.265 0.22025
4285.714 8163.265 0.22665
4489.796 8163.265 0.23163
4693.878 8163.265 0.23520
4897.959 8163.265 0.23733
5102.041 8163.265 0.23804
5306.122 8163.265 0.23733
5510.204 8163.265 0.23520
5714.286 8163.265 0.23163
5918.367 8163.265 0.22665
6122.449 8163.265 0.22025
6326.531 8163.265 0.21251
6530.612 8163.265 0.20350
6734.694 8163.265 0.19339
6938.776 8163.265 0.18239
7142.857 8163.265 0.17078
7346.939 8163.265 0.15885
7551.020 8163.265 0.14691
7755.102 8163.265 0.13522
7959.184 8163.265 0.12400
8163.265 8163.265 0.11341
8367.347 8163.265 0.10353
8571.429 8163.265 0.09442
8775.510 8163.265 0.08607
8979.592 8163.265 0.07847
9183.673 8163.265 0.07157
9387.755 8163.265 0.06532
9591.837 8163.265 0.05969
9795.918 8163.265 0.05460
10000.000 8163.265 0.05001
0.000 8367.347 0.04359
204.082 8367.347 0.04738
408.163 8367.347 0.05157
612.245 8367.347 0.05619
816.327 8367.347 0.06128
1020.408 8367.347 0.06687
1224.490 8367.347 0.07301
1428.571 8367.347 0.07974
1632.653 8367.347 0.08707
1836.735 8367.347 0.09500
2040.816 8367.347 0.10353
2244.898 8367.347 0.11261
2448.980 8367.347 0.12216
2653.061 8367.347 0.13204
2857.143 8367.347 0.14208
3061.224 8367.347 0.15209
3265.306 8367.347 0.16182
3469.388 8367.347 0.17105
3673.469 8367.347 0.17956
3877.551 8367.347 0.18718
4081.633 8367.347 0.19377
4285.714 8367.347 0.19924
4489.796 8367.347 0.20354
4693.878 8367.347 0.20661
4897.959 8367.347 0.20846
5102.041 8367.347 0.20908
5306.122 8367.347 0.20846
5510.204 8367.347 0.20661
5714.286 8367.347 0.20354
5918.367 8367.347 0.19924
6122.449 8367.347 0.19377
6326.531 8367.347 0.18718
6530.612 8367.347 0.17956
6734.694 8367.347 0.17105
6938.776 8367.347 0.16182
7142.857 8367.347 0.15209
7346.939 8367.347 0.14208
7551.020 8367.347 0.13204
7755.102 8367.347 0.12216
7959.184 8367.347 0.11261
8163.265 8367.347 0.10353
8367.347 8367.347 0.09500
8571.429 8367.347 0.08707
8775.510 8367.347 0.07974
8979.592 8367.347 0.07301
9183.673 8367.347 0.06687
9387.755 8367.347 0.06128
9591.837 8367.347 0.05619
9795.918 8367.347 0.05157
10000.000 8367.347 0.04738
0.000 8571.429 0.04135
204.082 8571.429 0.04482
408.163 8571.429 0.04863
612.245 8571.429 0.05280
816.327 8571.429 0.05738
1020.408 8571.429 0.06238
1224.490 8571.429 0.06783
1428.571 8571.429 0.07376
1632.653 8571.429 0.08017
1836.735 8571.429 0.08707
2040.816 8571.429 0.09442
2244.898 8571.429 0.10219
2448.980 8571.429 0.11029
2653.061 8571.429 0.11864
2857.143 8571.429 0.12708
3061.224 8571.429 0.13546
3265.306 8571.429 0.14361
3469.388 8571.429 0.15133
3673.469 8571.429 0.15848
3877.551 8571.429 0.16490
4081.633 8571.429 0.17047
4285.714 8571.429 0.17512
4489.796 8571.429 0.17878
4693.878 8571.429 0.18142
4897.959 8571.429 0.18301
5102.041 8571.429 0.18354
5306.122 8571.429 0.18301
5510.204 8571.429 0.18142
5714.286 8571.429 0.17878
5918.367 8571.429 0.17512
6122.449 8571.429 0.17047
6326.531 8571.429 0.16490
6530.612 8571.429 0.15848
6734.694 8571.429 0.15133
6938.776 8571.429 0.14361
7142.857 8571.429 0.13546
7346.939 8571.429 0.12708
7551.020 8571.429 0.11864
7755.102 8571.429 0.11029
7959.184 8571.429 0.10219
8163.265 8571.429 0.09442
8367.347 8571.429 0.08707
8571.429 8571.429 0.08017
8775.510 8571.429 0.07376
8979.592 8571.429 0.06783
9183.673 8571.429 0.06238
9387.755 8571.429 0.05738
9591.837 8571.429 0.05280
9795.918 8571.429 0.04863
10000.000 8571.429 0.04482
0.000 8775.510 0.03917
204.082 8775.510 0.04233
408.163 8775.510 0.04579
612.245 8775.510 0.04955
816.327 8775.510 0.05366
1020.408 8775.510 0.05812
1224.490 8775.510 0.06295
1428.571 8775.510 0.06816
1632.653 8775.510 0.07376
1836.735 8775.510 0.07974
2040.816 8775.510 0.08607
2244.898 8775.510 0.09271
2448.980 8775.510 0.09960
2653.061 8775.510 0.10665
2857.143 8775.510 0.11375
3061.224 8775.510 0.12077
3265.306 8775.510 0.12759
3469.388 8775.510 0.13405
3673.469 8775.510 0.14004
3877.551 8775.510 0.14543
4081.633 8775.510 0.15013
4285.714 8775.510 0.15406
4489.796 8775.510 0.15716
4693.878 8775.510 0.15940
4897.959 8775.510 0.16076
5102.041 8775.510 0.16121
5306.122 8775.510 0.16076
5510.204 8775.510 0.15940
5714.286 8775.510 0.15716
5918.367 8775.510 0.15406
6122.449 8775.510 0.15013
6326.531 8775.510 0.14543
6530.612 8775.510 0.14004
6734.694 8775.510 0.13405
6938.776 8775.510 0.12759
7142.857 8775.510 0.12077
7346.939 8775.510 0.11375
7551.020 8775.510 0.10665
7755.102 8775.510 0.09960
7959.184 8775.510 0.09271
8163.265 8775.510 0.08607
8367.347 8775.510 0.07974
8571.429 8775.510 0.07376
8775.510 8775.510 0.06816
8979.592 8775.510 0.06295
9183.673 8775.510 0.05812
9387.755 8775.510 0.05366
9591.837 8775.510 0.04955
9795.918 8775.510 0.04579
10000.000 8775.510 0.04233
0.000 8979.592 0.03706
204.082 8979.592 0.03994
408.163 8979.592 0.04306
612.245 8979.592 0.04645
816.327 8979.592 0.05013
1020.408 8979.592 0.05409
1224.490 8979.592 0.05837
1428.571 8979.592 0.06295
1632.653 8979.592 0.06783
1836.735 8979.592 0.07301
2040.816 8979.592 0.07847
2244.898 8979.592 0.08415
2448.980 8979.592 0.09000
2653.061 8979.592 0.09596
2857.143 8979.592 0.10194
3061.224 8979.592 0.10784
3265.306 8979.592 0.11355
3469.388 8979.592 0.11896
3673.469 8979.592 0.12398
3877.551 8979.592 0.12850
4081.633 8979.592 0.13245
4285.714 8979.592 0.13576
4489.796 8979.592 0.13838
4693.878 8979.592 0.14028
4897.959 8979.592 0.14142
5102.041 8979.592 0.14181
5306.122 8979.592 0.14142
5510.204 8979.592 0.14028
5714.286 8979.592 0.13838
5918.367 8979.592 0.13576
6122.449 8979.592 0.13245
6326.531 8979.592 0.12850
6530.612 8979.592 0.12398
6734.694 8979.592 0.11896
6938.776 8979.592 0.11355
7142.857 8979.592 0.10784
7346.939 8979.592 0.10194
7551.020 8979.592 0.09596
7755.102 8979.592 0.09000
7959.184 8979.592 0.08415
8163.265 8979.592 0.07847
8367.347 8979.592 0.07301
8571.429 8979.592 0.06783
8775.510 8979.592 0.06295
8979.592 8979.592 0.05837
9183.673 8979.592 0.05409
9387.755 8979.592 0.05013
9591.837 8979.592 0.04645
9795.918 8979.592 0.04306
10000.000 8979.592 0.03994
0.000 9183.673 0.03502
204.082 9183.673 0.03764
408.163 9183.673 0.04046
612.245 9183.673 0.04351
816.327 9183.673 0.04679
1020.408 9183.673 0.05032
1224.490 9183.673 0.05409
1428.571 9183.673 0.05812
1632.653 9183.673 0.06238
1836.735 9183.673 0.06687
2040.816 9183.673 0.07157
2244.898 9183.673 0.07643
2448.980 9183.673 0.08142
2653.061 9183.673 0.08647
2857.143 9183.673 0.09151
3061.224 9183.673 0.09647
3265.306 9183.673 0.10127
3469.388 9183.673 0.10581
3673.469 9183.673 0.11001
3877.551 9183.673 0.11380
4081.633 9183.673 0.11712
4285.714 9183.673 0.11991
4489.796 9183.673 0.12211
4693.878 9183.673 0.12371
4897.959 9183.673 0.12468
5102.041 9183.673 0.12501
5306.122 9183.673 0.12468
5510.204 9183.673 0.12371
5714.286 9183.673 0.12211
5918.367 9183.673 0.11991
6122.449 9183.673 0.11712
6326.531 9183.673 0.11380
6530.612 9183.673 0.11001
6734.694 9183.673 0.10581
6938.776 9183.673 0.10127
7142.857 9183.673 0.09647
7346.939 9183.673 0.09151
7551.020 9183.673 0.08647
7755.102 9183.673 0.08142
7959.184 9183.673 0.07643
8163.265 9183.673 0.07157
8367.347 9183.673 0.06687
8571.429 9183.673 0.06238
8775.510 9183.673 0.05812
8979.592 9183.673 0.05409
9183.673 9183.673 0.05032
9387.755 9183.673 0.04679
9591.837 9183.673 0.04351
9795.918 9183.673 0.04046
10000.000 9183.673 0.03764
0.000 9387.755 0.03307
204.082 9387.755 0.03544
408.163 9387.755 0.03799
612.245 9387.755 0.04073
816.327 9387.755 0.04366
1020.408 9387.755 0.04679
1224.490 9387.755 0.05013
1428.571 9387.755 0.05366
1632.653 9387.755 0.05738
1836.735 9387.755 0.06128
2040.816 9387.755 0.06532
2244.898 9387.755 0.06950
2448.980 9387.755 0.07375
2653.061 9387.755 0.07804
2857.143 9387.755 0.08231
3061.224 9387.755 0.08649
3265.306 9387.755 0.09052
3469.388 9387.755 0.09434
3673.469 9387.755 0.09787
3877.551 9387.755 0.10106
4081.633 9387.755 0.10384
4285.714 9387.755 0.10618
4489.796 9387.755 0.10804
4693.878 9387.755 0.10939
4897.959 9387.755 0.11021
5102.041 9387.755 0.11048
5306.122 9387.755 0.11021
5510.204 9387.755 0.10939
5714.286 9387.755 0.10804
5918.367 9387.755 0.10618
6122.449 9387.755 0.10384
6326.531 9387.755 0.10106
6530.612 9387.755 0.09787
6734.694 9387.755 0.09434
6938.776 9387.755 0.09052
7142.857 9387.755 0.08649
7346.939 9387.755 0.08231
7551.020 9387.755 0.07804
7755.102 9387.755 0.07375
7959.184 9387.755 0.06950
8163.265 9387.755 0.06532
8367.347 9387.755 0.06128
8571.429 9387.755 0.05738
8775.510 9387.755 0.05366
8979.592 9387.755 0.05013
9183.673 9387.755 0.04679
9387.755 9387.755 0.04366
9591.837 9387.755 0.04073
9795.918 9387.755 0.03799
10000.000 9387.755 0.03544
0.000 9591.837 0.03121
204.082 9591.837 0.03336
408.163 9591.837 0.03566
612.245 9591.837 0.03811
816.327 9591.837 0.04073
1020.408 9591.837 0.04351
1224.490 9591.837 0.04645
1428.571 9591.837 0.04955
1632.653 9591.837 0.05280
1836.735 9591.837 0.05619
2040.816 9591.837 0.05969
2244.898 9591.837 0.06327
2448.980 9591.837 0.06691
2653.061 9591.837 0.07056
2857.143 9591.837 0.07418
3061.224 9591.837 0.07772
3265.306 9591.837 0.08112
3469.388 9591.837 0.08434
3673.469 9591.837 0.08731
3877.551 9591.837 0.08999
4081.633 9591.837 0.09233
4285.714 9591.837 0.09430
4489.796 9591.837 0.09587
4693.878 9591.837 0.09700
4897.959 9591.837 0.09769
5102.041 9591.837 0.09792
5306.122 9591.837 0.09769
5510.204 9591.837 0.09700
5714.286 9591.837 0.09587
5918.367 9591.837 0.09430
6122.449 9591.837 0.09233
6326.531 9591.837 0.08999
6530.612 9591.837 0.08731
6734.694 9591.837 0.08434
6938.776 9591.837 0.08112
7142.857 9591.837 0.07772
7346.939 9591.837 0.07418
7551.020 9591.837 0.07056
7755.102 9591.837 0.06691
7959.184 9591.837 0.06327
8163.265 9591.837 0.05969
8367.347 9591.837 0.05619
8571.429 9591.837 0.05280
8775.510 9591.837 0.04955
8979.592 9591.837 0.04645
9183.673 9591.837 0.04351
9387.755 9591.837 0.04073
9591.837 9591.837 0.03811
9795.918 9591.837 0.03566
10000.000 9591.837 0.03336
0.000 9795.918 0.02944
204.082 9795.918 0.03138
408.163 9795.918 0.03345
612.245 9795.918 0.03566
816.327 9795.918 0.03799
1020.408 9795.918 0.04046
1224.490 9795.918 0.04306
1428.571 9795.918 0.04579
1632.653 9795.918 0.04863
1836.735 9795.918 0.05157
2040.816 9795.918 0.05460
2244.898 9795.918 0.05769
2448.980 9795.918 0.06081
2653.061 9795.918 0.06393
2857.143 9795.918 0.06701
3061.224 9795.918 0.07001
3265.306 9795.918 0.07289
3469.388 9795.918 0.07560
3673.469 9795.918 0.07811
3877.551 9795.918 0.08037
4081.633 9795.918 0.08234
4285.714 9795.918 0.08401
4489.796 9795.918 0.08533
4693.878 9795.918 0.08628
4897.959 9795.918 0.08686
5102.041 9795.918 0.08706
5306.122 9795.918 0.08686
5510.204 9795.918 0.08628
5714.286 9795.918 0.08533
5918.367 9795.918 0.08401
6122.449 9795.918 0.08234
6326.531 9795.918 0.08037
6530.612 9795.918 0.07811
6734.694 9795.918 0.07560
6938.776 9795.918 0.07289
7142.857 9795.918 0.07001
7346.939 9795.918 0.06701
7551.020 9795.918 0.06393
7755.102 9795.918 0.06081
7959.184 9795.918 0.05769
8163.265 9795.918 0.05460
8367.347 9795.918 0.05157
8571.429 9795.918 0.04863
8775.510 9795.918 0.04579
8979.592 9795.918 0.04306
9183.673 9795.918 0.04046
9387.755 9795.918 0.03799
9591.837 9795.918 0.03566
9795.918 9795.918 0.03345
10000.000 9795.918 0.03138
0.000 10000.000 0.02776
204.082 10000.000 0.02952
408.163 10000.000 0.03138
612.245 10000.000 0.03336
816.327 10000.000 0.03544
1020.408 10000.000 0.03764
1224.490 10000.000 0.03994
1428.571 10000.000 0.04233
1632.653 10000.000 0.04482
1836.735 10000.000 0.04738
2040.816 10000.000 0.05001
2244.898 10000.000 0.05267
2448.980 10000.000 0.05536
2653.061 10000.000 0.05803
2857.143 10000.000 0.06066
3061.224 10000.000 0.06321
3265.306 10000.000 0.06566
3469.388 10000.000 0.06796
3673.469 10000.000 0.07008
3877.551 10000.000 0.07199
4081.633 10000.000 0.07366
4285.714 10000.000 0.07506
4489.796 10000.000 0.07618
4693.878 10000.000 0.07698
4897.959 10000.000 0.07747
5102.041 10000.000 0.07764
5306.122 10000.000 0.07747
5510.204 10000.000 0.07698
5714.286 10000.000 0.07618
5918.367 10000.000 0.07506
6122.449 10000.000 0.07366
6326.531 10000.000 0.07199
6530.612 10000.000 0.07008
6734.694 10000.000 0.06796
6938.776 10000.000 0.06566
7142.857 10000.000 0.06321
7346.939 10000.000 0.06066
7551.020 10000.000 0.05803
7755.102 10000.000 0.05536
7959.184 10000.000 0.05267
8163.265 10000.000 0.05001
8367.347 10000.000 0.04738
8571.429 10000.000 0.04482
8775.510 10000.000 0.04233
8979.592 10000.000 0.03994
9183.673 10000.000 0.03764
9387.755 10000.000 0.03544
9591.837 10000.000 0.03336
9795.918 10000.000 0.03138
10000.000 10000.000 0.02952
