0.000 0.000 0.01323
204.082 0.000 0.01409
408.163 0.000 0.01500
612.245 0.000 0.01597
816.327 0.000 0.01698
1020.408 0.000 0.01804
1224.490 0.000 0.01914
1428.571 0.000 0.02027
1632.653 0.000 0.02144
1836.735 0.000 0.02262
2040.816 0.000 0.02381
2244.898 0.000 0.02499
2448.980 0.000 0.02614
2653.061 0.000 0.02725
2857.143 0.000 0.02829
3061.224 0.000 0.02925
3265.306 0.000 0.03010
3469.388 0.000 0.03083
3673.469 0.000 0.03143
3877.551 0.000 0.03187
4081.633 0.000 0.03216
4285.714 0.000 0.03228
4489.796 0.000 0.03224
4693.878 0.000 0.03205
4897.959 0.000 0.03170
5102.041 0.000 0.03122
5306.122 0.000 0.03062
5510.204 0.000 0.02990
5714.286 0.000 0.02910
5918.367 0.000 0.02823
6122.449 0.000 0.02730
6326.531 0.000 0.02633
6530.612 0.000 0.02533
6734.694 0.000 0.02431
6938.776 0.000 0.02329
7142.857 0.000 0.02228
7346.939 0.000 0.02128
7551.020 0.000 0.02029
7755.102 0.000 0.01933
7959.184 0.000 0.01840
8163.265 0.000 0.01750
8367.347 0.000 0.01662
8571.429 0.000 0.01578
8775.510 0.000 0.01498
8979.592 0.000 0.01421
9183.673 0.000 0.01347
9387.755 0.000 0.01276
9591.837 0.000 0.01210
9795.918 0.000 0.01146
10000.000 0.000 0.01085
0.000 204.082 0.01409
204.082 204.082 0.01505
408.163 204.082 0.01607
612.245 204.082 0.01716
816.327 204.082 0.01831
1020.408 204.082 0.01952
1224.490 204.082 0.02078
1428.571 204.082 0.02209
1632.653 204.082 0.02344
1836.735 204.082 0.02482
2040.816 204.082 0.02621
2244.898 204.082 0.02760
2448.980 204.082 0.02896
2653.061 204.082 0.03028
2857.143 204.082 0.03152
3061.224 204.082 0.03266
3265.306 204.082 0.03368
3469.388 204.082 0.03456
3673.469 204.082 0.03526
3877.551 204.082 0.03579
4081.633 204.082 0.03612
4285.714 204.082 0.03626
4489.796 204.082 0.03619
4693.878 204.082 0.03594
4897.959 204.082 0.03551
5102.041 204.082 0.03491
5306.122 204.082 0.03417
5510.204 204.082 0.03330
5714.286 204.082 0.03233
5918.367 204.082 0.03128
6122.449 204.082 0.03017
6326.531 204.082 0.02902
6530.612 204.082 0.02785
6734.694 204.082 0.02666
6938.776 204.082 0.02548
7142.857 204.082 0.02430
7346.939 204.082 0.02315
7551.020 204.082 0.02203
7755.102 204.082 0.02093
7959.184 204.082 0.01987
8163.265 204.082 0.01885
8367.347 204.082 0.01787
8571.429 204.082 0.01693
8775.510 204.082 0.01603
8979.592 204.082 0.01517
9183.673 204.082 0.01436
9387.755 204.082 0.01358
9591.837 204.082 0.01284
9795.918 204.082 0.01214
10000.000 204.082 0.01148
0.000 408.163 0.01500
204.082 408.163 0.01607
408.163 408.163 0.01722
612.245 408.163 0.01845
816.327 408.163 0.01975
1020.408 408.163 0.02113
1224.490 408.163 0.02258
1428.571 408.163 0.02409
1632.653 408.163 0.02566
1836.735 408.163 0.02727
2040.816 408.163 0.02891
2244.898 408.163 0.03055
2448.980 408.163 0.03217
2653.061 408.163 0.03374
2857.143 408.163 0.03522
3061.224 408.163 0.03660
3265.306 408.163 0.03782
3469.388 408.163 0.03887
3673.469 408.163 0.03972
3877.551 408.163 0.04035
4081.633 408.163 0.04073
4285.714 408.163 0.04088
4489.796 408.163 0.04078
4693.878 408.163 0.04045
4897.959 408.163 0.03990
5102.041 408.163 0.03916
5306.122 408.163 0.03824
5510.204 408.163 0.03718
5714.286 408.163 0.03601
5918.367 408.163 0.03474
6122.449 408.163 0.03342
6326.531 408.163 0.03205
6530.612 408.163 0.03067
6734.694 408.163 0.02928
6938.776 408.163 0.02790
7142.857 408.163 0.02654
7346.939 408.163 0.02521
7551.020 408.163 0.02393
7755.102 408.163 0.02268
7959.184 408.163 0.02148
8163.265 408.163 0.02033
8367.347 408.163 0.01922
8571.429 408.163 0.01817
8775.510 408.163 0.01717
8979.592 408.163 0.01621
9183.673 408.163 0.01531
9387.755 408.163 0.01445
9591.837 408.163 0.01364
9795.918 408.163 0.01287
10000.000 408.163 0.01214
0.000 612.245 0.01597
204.082 612.245 0.01716
408.163 612.245 0.01845
612.245 612.245 0.01983
816.327 612.245 0.02130
1020.408 612.245 0.02288
1224.490 612.245 0.02454
1428.571 612.245 0.02629
1632.653 612.245 0.02812
1836.735 612.245 0.03001
2040.816 612.245 0.03194
2244.898 612.245 0.03388
2448.980 612.245 0.03582
2653.061 612.245 0.03770
2857.143 612.245 0.03949
3061.224 612.245 0.04114
3265.306 612.245 0.04263
3469.388 612.245 0.04389
3673.469 612.245 0.04491
3877.551 612.245 0.04566
4081.633 612.245 0.04611
4285.714 612.245 0.04626
4489.796 612.245 0.04611
4693.878 612.245 0.04568
4897.959 612.245 0.04499
5102.041 612.245 0.04405
5306.122 612.245 0.04292
5510.204 612.245 0.04162
5714.286 612.245 0.04019
5918.367 612.245 0.03867
6122.449 612.245 0.03708
6326.531 612.245 0.03545
6530.612 612.245 0.03382
6734.694 612.245 0.03219
6938.776 612.245 0.03058
7142.857 612.245 0.02901
7346.939 612.245 0.02748
7551.020 612.245 0.02601
7755.102 612.245 0.02459
7959.184 612.245 0.02323
8163.265 612.245 0.02193
8367.347 612.245 0.02069
8571.429 612.245 0.01951
8775.510 612.245 0.01839
8979.592 612.245 0.01733
9183.673 612.245 0.01632
9387.755 612.245 0.01537
9591.837 612.245 0.01448
9795.918 612.245 0.01364
10000.000 612.245 0.01284
0.000 816.327 0.01698
204.082 816.327 0.01831
408.163 816.327 0.01975
612.245 816.327 0.02130
816.327 816.327 0.02298
1020.408 816.327 0.02477
1224.490 816.327 0.02669
1428.571 816.327 0.02871
1632.653 816.327 0.03084
1836.735 816.327 0.03306
2040.816 816.327 0.03534
2244.898 816.327 0.03766
2448.980 816.327 0.03997
2653.061 816.327 0.04223
2857.143 816.327 0.04440
3061.224 816.327 0.04641
3265.306 816.327 0.04821
3469.388 816.327 0.04975
3673.469 816.327 0.05098
3877.551 816.327 0.05187
4081.633 816.327 0.05240
4285.714 816.327 0.05256
4489.796 816.327 0.05234
4693.878 816.327 0.05177
4897.959 816.327 0.05089
5102.041 816.327 0.04972
5306.122 816.327 0.04831
5510.204 816.327 0.04671
5714.286 816.327 0.04496
5918.367 816.327 0.04312
6122.449 816.327 0.04121
6326.531 816.327 0.03927
6530.612 816.327 0.03734
6734.694 816.327 0.03543
6938.776 816.327 0.03355
7142.857 816.327 0.03174
7346.939 816.327 0.02998
7551.020 816.327 0.02829
7755.102 816.327 0.02667
7959.184 816.327 0.02513
8163.265 816.327 0.02366
8367.347 816.327 0.02227
8571.429 816.327 0.02095
8775.510 816.327 0.01970
8979.592 816.327 0.01852
9183.673 816.327 0.01741
9387.755 816.327 0.01636
9591.837 816.327 0.01537
9795.918 816.327 0.01445
10000.000 816.327 0.01358
0.000 1020.408 0.01804
204.082 1020.408 0.01952
408.163 1020.408 0.02113
612.245 1020.408 0.02288
816.327 1020.408 0.02477
1020.408 1020.408 0.02682
1224.490 1020.408 0.02902
1428.571 1020.408 0.03136
1632.653 1020.408 0.03385
1836.735 1020.408 0.03645
2040.816 1020.408 0.03916
2244.898 1020.408 0.04192
2448.980 1020.408 0.04470
2653.061 1020.408 0.04743
2857.143 1020.408 0.05006
3061.224 1020.408 0.05251
3265.306 1020.408 0.05471
3469.388 1020.408 0.05659
3673.469 1020.408 0.05809
3877.551 1020.408 0.05916
4081.633 1020.408 0.05978
4285.714 1020.408 0.05993
4489.796 1020.408 0.05962
4693.878 1020.408 0.05887
4897.959 1020.408 0.05774
5102.041 1020.408 0.05626
5306.122 1020.408 0.05451
5510.204 1020.408 0.05253
5714.286 1020.408 0.05040
5918.367 1020.408 0.04816
6122.449 1020.408 0.04587
6326.531 1020.408 0.04356
6530.612 1020.408 0.04127
6734.694 1020.408 0.03903
6938.776 1020.408 0.03684
7142.857 1020.408 0.03474
7346.939 1020.408 0.03272
7551.020 1020.408 0.03079
7755.102 1020.408 0.02895
7959.184 1020.408 0.02720
8163.265 1020.408 0.02554
8367.347 1020.408 0.02398
8571.429 1020.408 0.02250
8775.510 1020.408 0.02110
8979.592 1020.408 0.01979
9183.673 1020.408 0.01856
9387.755 1020.408 0.01741
9591.837 1020.408 0.01632
9795.918 1020.408 0.01531
10000.000 1020.408 0.01436
0.000 1224.490 0.01914
204.082 1224.490 0.02078
408.163 1224.490 0.02258
612.245 1224.490 0.02454
816.327 1224.490 0.02669
1020.408 1224.490 0.02902
1224.490 1224.490 0.03154
1428.571 1224.490 0.03425
1632.653 1224.490 0.03715
1836.735 1224.490 0.04022
2040.816 1224.490 0.04342
2244.898 1224.490 0.04673
2448.980 1224.490 0.05007
2653.061 1224.490 0.05339
2857.143 1224.490 0.05659
3061.224 1224.490 0.05959
3265.306 1224.490 0.06229
3469.388 1224.490 0.06459
3673.469 1224.490 0.06642
3877.551 1224.490 0.06772
4081.633 1224.490 0.06844
4285.714 1224.490 0.06857
4489.796 1224.490 0.06813
4693.878 1224.490 0.06715
4897.959 1224.490 0.06570
5102.041 1224.490 0.06383
5306.122 1224.490 0.06164
5510.204 1224.490 0.05919
5714.286 1224.490 0.05658
5918.367 1224.490 0.05386
6122.449 1224.490 0.05111
6326.531 1224.490 0.04836
6530.612 1224.490 0.04565
6734.694 1224.490 0.04302
6938.776 1224.490 0.04048
7142.857 1224.490 0.03804
7346.939 1224.490 0.03572
7551.020 1224.490 0.03351
7755.102 1224.490 0.03142
7959.184 1224.490 0.02944
8163.265 1224.490 0.02758
8367.347 1224.490 0.02582
8571.429 1224.490 0.02416
8775.510 1224.490 0.02261
8979.592 1224.490 0.02116
9183.673 1224.490 0.01979
9387.755 1224.490 0.01852
9591.837 1224.490 0.01733
9795.918 1224.490 0.01621
10000.000 1224.490 0.01517
0.000 1428.571 0.02027
204.082 1428.571 0.02209
408.163 1428.571 0.02409
612.245 1428.571 0.02629
816.327 1428.571 0.02871
1020.408 1428.571 0.03136
1224.490 1428.571 0.03425
1428.571 1428.571 0.03739
1632.653 1428.571 0.04077
1836.735 1428.571 0.04438
2040.816 1428.571 0.04818
2244.898 1428.571 0.05213
2448.980 1428.571 0.05617
2653.061 1428.571 0.06020
2857.143 1428.571 0.06412
3061.224 1428.571 0.06780
3265.306 1428.571 0.07112
3469.388 1428.571 0.07395
3673.469 1428.571 0.07620
3877.551 1428.571 0.07776
4081.633 1428.571 0.07860
4285.714 1428.571 0.07870
4489.796 1428.571 0.07808
4693.878 1428.571 0.07680
4897.959 1428.571 0.07493
5102.041 1428.571 0.07257
5306.122 1428.571 0.06982
5510.204 1428.571 0.06680
5714.286 1428.571 0.06359
5918.367 1428.571 0.06030
6122.449 1428.571 0.05698
6326.531 1428.571 0.05371
6530.612 1428.571 0.05052
6734.694 1428.571 0.04744
6938.776 1428.571 0.04449
7142.857 1428.571 0.04167
7346.939 1428.571 0.03901
7551.020 1428.571 0.03649
7755.102 1428.571 0.03411
7959.184 1428.571 0.03188
8163.265 1428.571 0.02978
8367.347 1428.571 0.02780
8571.429 1428.571 0.02596
8775.510 1428.571 0.02423
8979.592 1428.571 0.02261
9183.673 1428.571 0.02110
9387.755 1428.571 0.01970
9591.837 1428.571 0.01839
9795.918 1428.571 0.01717
10000.000 1428.571 0.01603
0.000 1632.653 0.02144
204.082 1632.653 0.02344
408.163 1632.653 0.02566
612.245 1632.653 0.02812
816.327 1632.653 0.03084
1020.408 1632.653 0.03385
1224.490 1632.653 0.03715
1428.571 1632.653 0.04077
1632.653 1632.653 0.04470
1836.735 1632.653 0.04894
2040.816 1632.653 0.05345
2244.898 1632.653 0.05818
2448.980 1632.653 0.06305
2653.061 1632.653 0.06796
2857.143 1632.653 0.07276
3061.224 1632.653 0.07730
3265.306 1632.653 0.08139
3469.388 1632.653 0.08489
3673.469 1632.653 0.08764
3877.551 1632.653 0.08953
4081.633 1632.653 0.09050
4285.714 1632.653 0.09055
4489.796 1632.653 0.08969
4693.878 1632.653 0.08800
4897.959 1632.653 0.08560
5102.041 1632.653 0.08261
5306.122 1632.653 0.07918
5510.204 1632.653 0.07544
5714.286 1632.653 0.07152
5918.367 1632.653 0.06753
6122.449 1632.653 0.06356
6326.531 1632.653 0.05967
6530.612 1632.653 0.05591
6734.694 1632.653 0.05231
6938.776 1632.653 0.04889
7142.857 1632.653 0.04565
7346.939 1632.653 0.04260
7551.020 1632.653 0.03973
7755.102 1632.653 0.03704
7959.184 1632.653 0.03451
8163.265 1632.653 0.03215
8367.347 1632.653 0.02994
8571.429 1632.653 0.02788
8775.510 1632.653 0.02596
8979.592 1632.653 0.02416
9183.673 1632.653 0.02250
9387.755 1632.653 0.02095
9591.837 1632.653 0.01951
9795.918 1632.653 0.01817
10000.000 1632.653 0.01693
0.000 1836.735 0.02262
204.082 1836.735 0.02482
408.163 1836.735 0.02727
612.245 1836.735 0.03001
816.327 1836.735 0.03306
1020.408 1836.735 0.03645
1224.490 1836.735 0.04022
1428.571 1836.735 0.04438
1632.653 1836.735 0.04894
1836.735 1836.735 0.05390
2040.816 1836.735 0.05924
2244.898 1836.735 0.06490
2448.980 1836.735 0.07078
2653.061 1836.735 0.07675
2857.143 1836.735 0.08264
3061.224 1836.735 0.08822
3265.306 1836.735 0.09328
3469.388 1836.735 0.09759
3673.469 1836.735 0.10096
3877.551 1836.735 0.10325
4081.633 1836.735 0.10437
4285.714 1836.735 0.10431
4489.796 1836.735 0.10313
4693.878 1836.735 0.10093
4897.959 1836.735 0.09786
5102.041 1836.735 0.09409
5306.122 1836.735 0.08981
5510.204 1836.735 0.08520
5714.286 1836.735 0.08042
5918.367 1836.735 0.07560
6122.449 1836.735 0.07086
6326.531 1836.735 0.06626
6530.612 1836.735 0.06185
6734.694 1836.735 0.05767
6938.776 1836.735 0.05372
7142.857 1836.735 0.05000
7346.939 1836.735 0.04652
7551.020 1836.735 0.04326
7755.102 1836.735 0.04021
7959.184 1836.735 0.03737
8163.265 1836.735 0.03471
8367.347 1836.735 0.03224
8571.429 1836.735 0.02994
8775.510 1836.735 0.02780
8979.592 1836.735 0.02582
9183.673 1836.735 0.02398
9387.755 1836.735 0.02227
9591.837 1836.735 0.02069
9795.918 1836.735 0.01922
10000.000 1836.735 0.01787
0.000 2040.816 0.02381
204.082 2040.816 0.02621
408.163 2040.816 0.02891
612.245 2040.816 0.03194
816.327 2040.816 0.03534
1020.408 2040.816 0.03916
1224.490 2040.816 0.04342
1428.571 2040.816 0.04818
1632.653 2040.816 0.05345
1836.735 2040.816 0.05924
2040.816 2040.816 0.06553
2244.898 2040.816 0.07227
2448.980 2040.816 0.07935
2653.061 2040.816 0.08661
2857.143 2040.816 0.09381
3061.224 2040.816 0.10068
3265.306 2040.816 0.10692
3469.388 2040.816 0.11223
3673.469 2040.816 0.11635
3877.551 2040.816 0.11910
4081.633 2040.816 0.12037
4285.714 2040.816 0.12017
4489.796 2040.816 0.11857
4693.878 2040.816 0.11571
4897.959 2040.816 0.11181
5102.041 2040.816 0.10708
5306.122 2040.816 0.10178
5510.204 2040.816 0.09613
5714.286 2040.816 0.09033
5918.367 2040.816 0.08456
6122.449 2040.816 0.07892
6326.531 2040.816 0.07351
6530.612 2040.816 0.06837
6734.694 2040.816 0.06353
6938.776 2040.816 0.05899
7142.857 2040.816 0.05474
7346.939 2040.816 0.05078
7551.020 2040.816 0.04708
7755.102 2040.816 0.04365
7959.184 2040.816 0.04045
8163.265 2040.816 0.03748
8367.347 2040.816 0.03471
8571.429 2040.816 0.03215
8775.510 2040.816 0.02978
8979.592 2040.816 0.02758
9183.673 2040.816 0.02554
9387.755 2040.816 0.02366
9591.837 2040.816 0.02193
9795.918 2040.816 0.02033
10000.000 2040.816 0.01885
0.000 2244.898 0.02499
204.082 2244.898 0.02760
408.163 2244.898 0.03055
612.245 2244.898 0.03388
816.327 2244.898 0.03766
1020.408 2244.898 0.04192
1224.490 2244.898 0.04673
1428.571 2244.898 0.05213
1632.653 2244.898 0.05818
1836.735 2244.898 0.06490
2040.816 2244.898 0.07227
2244.898 2244.898 0.08026
2448.980 2244.898 0.08874
2653.061 2244.898 0.09750
2857.143 2244.898 0.10628
3061.224 2244.898 0.11470
3265.306 2244.898 0.12236
3469.388 2244.898 0.12886
3673.469 2244.898 0.13387
3877.551 2244.898 0.13715
4081.633 2244.898 0.13858
4285.714 2244.898 0.13817
4489.796 2244.898 0.13603
4693.878 2244.898 0.13237
4897.959 2244.898 0.12746
5102.041 2244.898 0.12159
5306.122 2244.898 0.11508
5510.204 2244.898 0.10821
5714.286 2244.898 0.10125
5918.367 2244.898 0.09438
6122.449 2244.898 0.08775
6326.531 2244.898 0.08143
6530.612 2244.898 0.07548
6734.694 2244.898 0.06991
6938.776 2244.898 0.06472
7142.857 2244.898 0.05989
7346.939 2244.898 0.05540
7551.020 2244.898 0.05123
7755.102 2244.898 0.04737
7959.184 2244.898 0.04378
8163.265 2244.898 0.04045
8367.347 2244.898 0.03737
8571.429 2244.898 0.03451
8775.510 2244.898 0.03188
8979.592 2244.898 0.02944
9183.673 2244.898 0.02720
9387.755 2244.898 0.02513
9591.837 2244.898 0.02323
9795.918 2244.898 0.02148
10000.000 2244.898 0.01987
0.000 2448.980 0.02614
204.082 2448.980 0.02896
408.163 2448.980 0.03217
612.245 2448.980 0.03582
816.327 2448.980 0.03997
1020.408 2448.980 0.04470
1224.490 2448.980 0.05007
1428.571 2448.980 0.05617
1632.653 2448.980 0.06305
1836.735 2448.980 0.07078
2040.816 2448.980 0.07935
2244.898 2448.980 0.08874
2448.980 2448.980 0.09880
2653.061 2448.980 0.10931
2857.143 2448.980 0.11992
3061.224 2448.980 0.13015
3265.306 2448.980 0.13947
3469.388 2448.980 0.14737
3673.469 2448.980 0.15340
3877.551 2448.980 0.15727
4081.633 2448.980 0.15885
4285.714 2448.980 0.15816
4489.796 2448.980 0.15538
4693.878 2448.980 0.15077
4897.959 2448.980 0.14468
5102.041 2448.980 0.13749
5306.122 2448.980 0.12960
5510.204 2448.980 0.12138
5714.286 2448.980 0.11311
5918.367 2448.980 0.10503
6122.449 2448.980 0.09730
6326.531 2448.980 0.09000
6530.612 2448.980 0.08318
6734.694 2448.980 0.07682
6938.776 2448.980 0.07093
7142.857 2448.980 0.06547
7346.939 2448.980 0.06041
7551.020 2448.980 0.05572
7755.102 2448.980 0.05138
7959.184 2448.980 0.04737
8163.265 2448.980 0.04365
8367.347 2448.980 0.04021
8571.429 2448.980 0.03704
8775.510 2448.980 0.03411
8979.592 2448.980 0.03142
9183.673 2448.980 0.02895
9387.755 2448.980 0.02667
9591.837 2448.980 0.02459
9795.918 2448.980 0.02268
10000.000 2448.980 0.02093
0.000 2653.061 0.02725
204.082 2653.061 0.03028
408.163 2653.061 0.03374
612.245 2653.061 0.03770
816.327 2653.061 0.04223
1020.408 2653.061 0.04743
1224.490 2653.061 0.05339
1428.571 2653.061 0.06020
1632.653 2653.061 0.06796
1836.735 2653.061 0.07675
2040.816 2653.061 0.08661
2244.898 2653.061 0.09750
2448.980 2653.061 0.10931
2653.061 2653.061 0.12177
2857.143 2653.061 0.13442
3061.224 2653.061 0.14670
3265.306 2653.061 0.15790
3469.388 2653.061 0.16736
3673.469 2653.061 0.17453
3877.551 2653.061 0.17904
4081.633 2653.061 0.18076
4285.714 2653.061 0.17974
4489.796 2653.061 0.17622
4693.878 2653.061 0.17054
4897.959 2653.061 0.16315
5102.041 2653.061 0.15452
5306.122 2653.061 0.14514
5510.204 2653.061 0.13544
5714.286 2653.061 0.12578
5918.367 2653.061 0.11642
6122.449 2653.061 0.10754
6326.531 2653.061 0.09920
6530.612 2653.061 0.09145
6734.694 2653.061 0.08428
6938.776 2653.061 0.07764
7142.857 2653.061 0.07150
7346.939 2653.061 0.06583
7551.020 2653.061 0.06058
7755.102 2653.061 0.05572
7959.184 2653.061 0.05123
8163.265 2653.061 0.04708
8367.347 2653.061 0.04326
8571.429 2653.061 0.03973
8775.510 2653.061 0.03649
8979.592 2653.061 0.03351
9183.673 2653.061 0.03079
9387.755 2653.061 0.02829
9591.837 2653.061 0.02601
9795.918 2653.061 0.02393
10000.000 2653.061 0.02203
0.000 2857.143 0.02829
204.082 2857.143 0.03152
408.163 2857.143 0.03522
612.245 2857.143 0.03949
816.327 2857.143 0.04440
1020.408 2857.143 0.05006
1224.490 2857.143 0.05659
1428.571 2857.143 0.06412
1632.653 2857.143 0.07276
1836.735 2857.143 0.08264
2040.816 2857.143 0.09381
2244.898 2857.143 0.10628
2448.980 2857.143 0.11992
2653.061 2857.143 0.13442
2857.143 2857.143 0.14927
3061.224 2857.143 0.16374
3265.306 2857.143 0.17696
3469.388 2857.143 0.18810
3673.469 2857.143 0.19648
3877.551 2857.143 0.20166
4081.633 2857.143 0.20352
4285.714 2857.143 0.20215
4489.796 2857.143 0.19786
4693.878 2857.143 0.19107
4897.959 2857.143 0.18234
5102.041 2857.143 0.17222
5306.122 2857.143 0.16131
5510.204 2857.143 0.15012
5714.286 2857.143 0.13906
5918.367 2857.143 0.12842
6122.449 2857.143 0.11837
6326.531 2857.143 0.10899
6530.612 2857.143 0.10030
6734.694 2857.143 0.09228
6938.776 2857.143 0.08486
7142.857 2857.143 0.07802
7346.939 2857.143 0.07169
7551.020 2857.143 0.06583
7755.102 2857.143 0.06041
7959.184 2857.143 0.05540
8163.265 2857.143 0.05078
8367.347 2857.143 0.04652
8571.429 2857.143 0.04260
8775.510 2857.143 0.03901
8979.592 2857.143 0.03572
9183.673 2857.143 0.03272
9387.755 2857.143 0.02998
9591.837 2857.143 0.02748
9795.918 2857.143 0.02521
10000.000 2857.143 0.02315
0.000 3061.224 0.02925
204.082 3061.224 0.03266
408.163 3061.224 0.03660
612.245 3061.224 0.04114
816.327 3061.224 0.04641
1020.408 3061.224 0.05251
1224.490 3061.224 0.05959
1428.571 3061.224 0.06780
1632.653 3061.224 0.07730
1836.735 3061.224 0.08822
2040.816 3061.224 0.10068
2244.898 3061.224 0.11470
2448.980 3061.224 0.13015
2653.061 3061.224 0.14670
2857.143 3061.224 0.16374
3061.224 3061.224 0.18041
3265.306 3061.224 0.19567
3469.388 3061.224 0.20850
3673.469 3061.224 0.21810
3877.551 3061.224 0.22398
4081.633 3061.224 0.22600
4285.714 3061.224 0.22433
4489.796 3061.224 0.21932
4693.878 3061.224 0.21150
4897.959 3061.224 0.20151
5102.041 3061.224 0.19000
5306.122 3061.224 0.17767
5510.204 3061.224 0.16508
5714.286 3061.224 0.15270
5918.367 3061.224 0.14084
6122.449 3061.224 0.12969
6326.531 3061.224 0.11931
6530.612 3061.224 0.10971
6734.694 3061.224 0.10084
6938.776 3061.224 0.09264
7142.857 3061.224 0.08505
7346.939 3061.224 0.07802
7551.020 3061.224 0.07150
7755.102 3061.224 0.06547
7959.184 3061.224 0.05989
8163.265 3061.224 0.05474
8367.347 3061.224 0.05000
8571.429 3061.224 0.04565
8775.510 3061.224 0.04167
8979.592 3061.224 0.03804
9183.673 3061.224 0.03474
9387.755 3061.224 0.03174
9591.837 3061.224 0.02901
9795.918 3061.224 0.02654
10000.000 3061.224 0.02430
0.000 3265.306 0.03010
204.082 3265.306 0.03368
408.163 3265.306 0.03782
612.245 3265.306 0.04263
816.327 3265.306 0.04821
1020.408 3265.306 0.05471
1224.490 3265.306 0.06229
1428.571 3265.306 0.07112
1632.653 3265.306 0.08139
1836.735 3265.306 0.09328
2040.816 3265.306 0.10692
2244.898 3265.306 0.12236
2448.980 3265.306 0.13947
2653.061 3265.306 0.15790
2857.143 3265.306 0.17696
3061.224 3265.306 0.19567
3265.306 3265.306 0.21282
3469.388 3265.306 0.22724
3673.469 3265.306 0.23802
3877.551 3265.306 0.24460
4081.633 3265.306 0.24687
4285.714 3265.306 0.24502
4489.796 3265.306 0.23947
4693.878 3265.306 0.23083
4897.959 3265.306 0.21981
5102.041 3265.306 0.20718
5306.122 3265.306 0.19366
5510.204 3265.306 0.17991
5714.286 3265.306 0.16642
5918.367 3265.306 0.15352
6122.449 3265.306 0.14141
6326.531 3265.306 0.13013
6530.612 3265.306 0.11967
6734.694 3265.306 0.10998
6938.776 3265.306 0.10099
7142.857 3265.306 0.09264
7346.939 3265.306 0.08486
7551.020 3265.306 0.07764
7755.102 3265.306 0.07093
7959.184 3265.306 0.06472
8163.265 3265.306 0.05899
8367.347 3265.306 0.05372
8571.429 3265.306 0.04889
8775.510 3265.306 0.04449
8979.592 3265.306 0.04048
9183.673 3265.306 0.03684
9387.755 3265.306 0.03355
9591.837 3265.306 0.03058
9795.918 3265.306 0.02790
10000.000 3265.306 0.02548
0.000 3469.388 0.03083
204.082 3469.388 0.03456
408.163 3469.388 0.03887
612.245 3469.388 0.04389
816.327 3469.388 0.04975
1020.408 3469.388 0.05659
1224.490 3469.388 0.06459
1428.571 3469.388 0.07395
1632.653 3469.388 0.08489
1836.735 3469.388 0.09759
2040.816 3469.388 0.11223
2244.898 3469.388 0.12886
2448.980 3469.388 0.14737
2653.061 3469.388 0.16736
2857.143 3469.388 0.18810
3061.224 3469.388 0.20850
3265.306 3469.388 0.22724
3469.388 3469.388 0.24304
3673.469 3469.388 0.25488
3877.551 3469.388 0.26218
4081.633 3469.388 0.26481
4285.714 3469.388 0.26299
4489.796 3469.388 0.25719
4693.878 3469.388 0.24809
4897.959 3469.388 0.23644
5102.041 3469.388 0.22308
5306.122 3469.388 0.20878
5510.204 3469.388 0.19423
5714.286 3469.388 0.17997
5918.367 3469.388 0.16631
6122.449 3469.388 0.15344
6326.531 3469.388 0.14142
6530.612 3469.388 0.13021
6734.694 3469.388 0.11976
6938.776 3469.388 0.10998
7142.857 3469.388 0.10084
7346.939 3469.388 0.09228
7551.020 3469.388 0.08428
7755.102 3469.388 0.07682
7959.184 3469.388 0.06991
8163.265 3469.388 0.06353
8367.347 3469.388 0.05767
8571.429 3469.388 0.05231
8775.510 3469.388 0.04744
8979.592 3469.388 0.04302
9183.673 3469.388 0.03903
9387.755 3469.388 0.03543
9591.837 3469.388 0.03219
9795.918 3469.388 0.02928
10000.000 3469.388 0.02666
0.000 3673.469 0.03143
204.082 3673.469 0.03526
408.163 3673.469 0.03972
612.245 3673.469 0.04491
816.327 3673.469 0.05098
1020.408 3673.469 0.05809
1224.490 3673.469 0.06642
1428.571 3673.469 0.07620
1632.653 3673.469 0.08764
1836.735 3673.469 0.10096
2040.816 3673.469 0.11635
2244.898 3673.469 0.13387
2448.980 3673.469 0.15340
2653.061 3673.469 0.17453
2857.143 3673.469 0.19648
3061.224 3673.469 0.21810
3265.306 3673.469 0.23802
3469.388 3673.469 0.25488
3673.469 3673.469 0.26762
3877.551 3673.469 0.27563
4081.633 3673.469 0.27876
4285.714 3673.469 0.27725
4489.796 3673.469 0.27159
4693.878 3673.469 0.26248
4897.959 3673.469 0.25073
5102.041 3673.469 0.23717
5306.122 3673.469 0.22262
5510.204 3673.469 0.20777
5714.286 3673.469 0.19315
5918.367 3673.469 0.17909
6122.449 3673.469 0.16576
6326.531 3673.469 0.15319
6530.612 3673.469 0.14137
6734.694 3673.469 0.13021
6938.776 3673.469 0.11967
7142.857 3673.469 0.10971
7346.939 3673.469 0.10030
7551.020 3673.469 0.09145
7755.102 3673.469 0.08318
7959.184 3673.469 0.07548
8163.265 3673.469 0.06837
8367.347 3673.469 0.06185
8571.429 3673.469 0.05591
8775.510 3673.469 0.05052
8979.592 3673.469 0.04565
9183.673 3673.469 0.04127
9387.755 3673.469 0.03734
9591.837 3673.469 0.03382
9795.918 3673.469 0.03067
10000.000 3673.469 0.02785
0.000 3877.551 0.03187
204.082 3877.551 0.03579
408.163 3877.551 0.04035
612.245 3877.551 0.04566
816.327 3877.551 0.05187
1020.408 3877.551 0.05916
1224.490 3877.551 0.06772
1428.571 3877.551 0.07776
1632.653 3877.551 0.08953
1836.735 3877.551 0.10325
2040.816 3877.551 0.11910
2244.898 3877.551 0.13715
2448.980 3877.551 0.15727
2653.061 3877.551 0.17904
2857.143 3877.551 0.20166
3061.224 3877.551 0.22398
3265.306 3877.551 0.24460
3469.388 3877.551 0.26218
3673.469 3877.551 0.27563
3877.551 3877.551 0.28432
4081.633 3877.551 0.28811
4285.714 3877.551 0.28720
4489.796 3877.551 0.28212
4693.878 3877.551 0.27353
4897.959 3877.551 0.26226
5102.041 3877.551 0.24912
5306.122 3877.551 0.23492
5510.204 3877.551 0.22034
5714.286 3877.551 0.20587
5918.367 3877.551 0.19182
6122.449 3877.551 0.17835
6326.531 3877.551 0.16549
6530.612 3877.551 0.15319
6734.694 3877.551 0.14142
6938.776 3877.551 0.13013
7142.857 3877.551 0.11931
7346.939 3877.551 0.10899
7551.020 3877.551 0.09920
7755.102 3877.551 0.09000
7959.184 3877.551 0.08143
8163.265 3877.551 0.07351
8367.347 3877.551 0.06626
8571.429 3877.551 0.05967
8775.510 3877.551 0.05371
8979.592 3877.551 0.04836
9183.673 3877.551 0.04356
9387.755 3877.551 0.03927
9591.837 3877.551 0.03545
9795.918 3877.551 0.03205
10000.000 3877.551 0.02902
0.000 4081.633 0.03216
204.082 4081.633 0.03612
408.163 4081.633 0.04073
612.245 4081.633 0.04611
816.327 4081.633 0.05240
1020.408 4081.633 0.05978
1224.490 4081.633 0.06844
1428.571 4081.633 0.07860
1632.653 4081.633 0.09050
1836.735 4081.633 0.10437
2040.816 4081.633 0.12037
2244.898 4081.633 0.13858
2448.980 4081.633 0.15885
2653.061 4081.633 0.18076
2857.143 4081.633 0.20352
3061.224 4081.633 0.22600
3265.306 4081.633 0.24687
3469.388 4081.633 0.26481
3673.469 4081.633 0.27876
3877.551 4081.633 0.28811
4081.633 4081.633 0.29268
4285.714 4081.633 0.29268
4489.796 4081.633 0.28860
4693.878 4081.633 0.28107
4897.959 4081.633 0.27088
5102.041 4081.633 0.25881
5306.122 4081.633 0.24560
5510.204 4081.633 0.23188
5714.286 4081.633 0.21809
5918.367 4081.633 0.20451
6122.449 4081.633 0.19126
6326.531 4081.633 0.17835
6530.612 4081.633 0.16576
6734.694 4081.633 0.15344
6938.776 4081.633 0.14141
7142.857 4081.633 0.12969
7346.939 4081.633 0.11837
7551.020 4081.633 0.10754
7755.102 4081.633 0.09730
7959.184 4081.633 0.08775
8163.265 4081.633 0.07892
8367.347 4081.633 0.07086
8571.429 4081.633 0.06356
8775.510 4081.633 0.05698
8979.592 4081.633 0.05111
9183.673 4081.633 0.04587
9387.755 4081.633 0.04121
9591.837 4081.633 0.03708
9795.918 4081.633 0.03342
10000.000 4081.633 0.03017
0.000 4285.714 0.03228
204.082 4285.714 0.03626
408.163 4285.714 0.04088
612.245 4285.714 0.04626
816.327 4285.714 0.05256
1020.408 4285.714 0.05993
1224.490 4285.714 0.06857
1428.571 4285.714 0.07870
1632.653 4285.714 0.09055
1836.735 4285.714 0.10431
2040.816 4285.714 0.12017
2244.898 4285.714 0.13817
2448.980 4285.714 0.15816
2653.061 4285.714 0.17974
2857.143 4285.714 0.20215
3061.224 4285.714 0.22433
3265.306 4285.714 0.24502
3469.388 4285.714 0.26299
3673.469 4285.714 0.27725
3877.551 4285.714 0.28720
4081.633 4285.714 0.29268
4285.714 4285.714 0.29386
4489.796 4285.714 0.29117
4693.878 4285.714 0.28522
4897.959 4285.714 0.27669
5102.041 4285.714 0.26630
5306.122 4285.714 0.25470
5510.204 4285.714 0.24242
5714.286 4285.714 0.22985
5918.367 4285.714 0.21718
6122.449 4285.714 0.20451
6326.531 4285.714 0.19182
6530.612 4285.714 0.17909
6734.694 4285.714 0.16631
6938.776 4285.714 0.15352
7142.857 4285.714 0.14084
7346.939 4285.714 0.12842
7551.020 4285.714 0.11642
7755.102 4285.714 0.10503
7959.184 4285.714 0.09438
8163.265 4285.714 0.08456
8367.347 4285.714 0.07560
8571.429 4285.714 0.06753
8775.510 4285.714 0.06030
8979.592 4285.714 0.05386
9183.673 4285.714 0.04816
9387.755 4285.714 0.04312
9591.837 4285.714 0.03867
9795.918 4285.714 0.03474
10000.000 4285.714 0.03128
0.000 4489.796 0.03224
204.082 4489.796 0.03619
408.163 4489.796 0.04078
612.245 4489.796 0.04611
816.327 4489.796 0.05234
1020.408 4489.796 0.05962
1224.490 4489.796 0.06813
1428.571 4489.796 0.07808
1632.653 4489.796 0.08969
1836.735 4489.796 0.10313
2040.816 4489.796 0.11857
2244.898 4489.796 0.13603
2448.980 4489.796 0.15538
2653.061 4489.796 0.17622
2857.143 4489.796 0.19786
3061.224 4489.796 0.21932
3265.306 4489.796 0.23947
3469.388 4489.796 0.25719
3673.469 4489.796 0.27159
3877.551 4489.796 0.28212
4081.633 4489.796 0.28860
4285.714 4489.796 0.29117
4489.796 4489.796 0.29022
4693.878 4489.796 0.28627
4897.959 4489.796 0.27992
5102.041 4489.796 0.27176
5306.122 4489.796 0.26233
5510.204 4489.796 0.25204
5714.286 4489.796 0.24117
5918.367 4489.796 0.22985
6122.449 4489.796 0.21809
6326.531 4489.796 0.20587
6530.612 4489.796 0.19315
6734.694 4489.796 0.17997
6938.776 4489.796 0.16642
7142.857 4489.796 0.15270
7346.939 4489.796 0.13906
7551.020 4489.796 0.12578
7755.102 4489.796 0.11311
7959.184 4489.796 0.10125
8163.265 4489.796 0.09033
8367.347 4489.796 0.08042
8571.429 4489.796 0.07152
8775.510 4489.796 0.06359
8979.592 4489.796 0.05658
9183.673 4489.796 0.05040
9387.755 4489.796 0.04496
9591.837 4489.796 0.04019
9795.918 4489.796 0.03601
10000.000 4489.796 0.03233
0.000 4693.878 0.03205
204.082 4693.878 0.03594
408.163 4693.878 0.04045
612.245 4693.878 0.04568
816.327 4693.878 0.05177
1020.408 4693.878 0.05887
1224.490 4693.878 0.06715
1428.571 4693.878 0.07680
1632.653 4693.878 0.08800
1836.735 4693.878 0.10093
2040.816 4693.878 0.11571
2244.898 4693.878 0.13237
2448.980 4693.878 0.15077
2653.061 4693.878 0.17054
2857.143 4693.878 0.19107
3061.224 4693.878 0.21150
3265.306 4693.878 0.23083
3469.388 4693.878 0.24809
3673.469 4693.878 0.26248
3877.551 4693.878 0.27353
4081.633 4693.878 0.28107
4285.714 4693.878 0.28522
4489.796 4693.878 0.28627
4693.878 4693.878 0.28468
4897.959 4693.878 0.28091
5102.041 4693.878 0.27544
5306.122 4693.878 0.26864
5510.204 4693.878 0.26079
5714.286 4693.878 0.25204
5918.367 4693.878 0.24242
6122.449 4693.878 0.23188
6326.531 4693.878 0.22034
6530.612 4693.878 0.20777
6734.694 4693.878 0.19423
6938.776 4693.878 0.17991
7142.857 4693.878 0.16508
7346.939 4693.878 0.15012
7551.020 4693.878 0.13544
7755.102 4693.878 0.12138
7959.184 4693.878 0.10821
8163.265 4693.878 0.09613
8367.347 4693.878 0.08520
8571.429 4693.878 0.07544
8775.510 4693.878 0.06680
8979.592 4693.878 0.05919
9183.673 4693.878 0.05253
9387.755 4693.878 0.04671
9591.837 4693.878 0.04162
9795.918 4693.878 0.03718
10000.000 4693.878 0.03330
0.000 4897.959 0.03170
204.082 4897.959 0.03551
408.163 4897.959 0.03990
612.245 4897.959 0.04499
816.327 4897.959 0.05089
1020.408 4897.959 0.05774
1224.490 4897.959 0.06570
1428.571 4897.959 0.07493
1632.653 4897.959 0.08560
1836.735 4897.959 0.09786
2040.816 4897.959 0.11181
2244.898 4897.959 0.12746
2448.980 4897.959 0.14468
2653.061 4897.959 0.16315
2857.143 4897.959 0.18234
3061.224 4897.959 0.20151
3265.306 4897.959 0.21981
3469.388 4897.959 0.23644
3673.469 4897.959 0.25073
3877.551 4897.959 0.26226
4081.633 4897.959 0.27088
4285.714 4897.959 0.27669
4489.796 4897.959 0.27992
4693.878 4897.959 0.28091
4897.959 4897.959 0.28002
5102.041 4897.959 0.27754
5306.122 4897.959 0.27371
5510.204 4897.959 0.26864
5714.286 4897.959 0.26233
5918.367 4897.959 0.25470
6122.449 4897.959 0.24560
6326.531 4897.959 0.23492
6530.612 4897.959 0.22262
6734.694 4897.959 0.20878
6938.776 4897.959 0.19366
7142.857 4897.959 0.17767
7346.939 4897.959 0.16131
7551.020 4897.959 0.14514
7755.102 4897.959 0.12960
7959.184 4897.959 0.11508
8163.265 4897.959 0.10178
8367.347 4897.959 0.08981
8571.429 4897.959 0.07918
8775.510 4897.959 0.06982
8979.592 4897.959 0.06164
9183.673 4897.959 0.05451
9387.755 4897.959 0.04831
9591.837 4897.959 0.04292
9795.918 4897.959 0.03824
10000.000 4897.959 0.03417
0.000 5102.041 0.03122
204.082 5102.041 0.03491
408.163 5102.041 0.03916
612.245 5102.041 0.04405
816.327 5102.041 0.04972
1020.408 5102.041 0.05626
1224.490 5102.041 0.06383
1428.571 5102.041 0.07257
1632.653 5102.041 0.08261
1836.735 5102.041 0.09409
2040.816 5102.041 0.10708
2244.898 5102.041 0.12159
2448.980 5102.041 0.13749
2653.061 5102.041 0.15452
2857.143 5102.041 0.17222
3061.224 5102.041 0.19000
3265.306 5102.041 0.20718
3469.388 5102.041 0.22308
3673.469 5102.041 0.23717
3877.551 5102.041 0.24912
4081.633 5102.041 0.25881
4285.714 5102.041 0.26630
4489.796 5102.041 0.27176
4693.878 5102.041 0.27544
4897.959 5102.041 0.27754
5102.041 5102.041 0.27822
5306.122 5102.041 0.27754
5510.204 5102.041 0.27544
5714.286 5102.041 0.27176
5918.367 5102.041 0.26630
6122.449 5102.041 0.25881
6326.531 5102.041 0.24912
6530.612 5102.041 0.23717
6734.694 5102.041 0.22308
6938.776 5102.041 0.20718
7142.857 5102.041 0.19000
7346.939 5102.041 0.17222
7551.020 5102.041 0.15452
7755.102 5102.041 0.13749
7959.184 5102.041 0.12159
8163.265 5102.041 0.10708
8367.347 5102.041 0.09409
8571.429 5102.041 0.08261
8775.510 5102.041 0.07257
8979.592 5102.041 0.06383
9183.673 5102.041 0.05626
9387.755 5102.041 0.04972
9591.837 5102.041 0.04405
9795.918 5102.041 0.03916
10000.000 5102.041 0.03491
0.000 5306.122 0.03062
204.082 5306.122 0.03417
408.163 5306.122 0.03824
612.245 5306.122 0.04292
816.327 5306.122 0.04831
1020.408 5306.122 0.05451
1224.490 5306.122 0.06164
1428.571 5306.122 0.06982
1632.653 5306.122 0.07918
1836.735 5306.122 0.08981
2040.816 5306.122 0.10178
2244.898 5306.122 0.11508
2448.980 5306.122 0.12960
2653.061 5306.122 0.14514
2857.143 5306.122 0.16131
3061.224 5306.122 0.17767
3265.306 5306.122 0.19366
3469.388 5306.122 0.20878
3673.469 5306.122 0.22262
3877.551 5306.122 0.23492
4081.633 5306.122 0.24560
4285.714 5306.122 0.25470
4489.796 5306.122 0.26233
4693.878 5306.122 0.26864
4897.959 5306.122 0.27371
5102.041 5306.122 0.27754
5306.122 5306.122 0.28002
5510.204 5306.122 0.28091
5714.286 5306.122 0.27992
5918.367 5306.122 0.27669
6122.449 5306.122 0.27088
6326.531 5306.122 0.26226
6530.612 5306.122 0.25073
6734.694 5306.122 0.23644
6938.776 5306.122 0.21981
7142.857 5306.122 0.20151
7346.939 5306.122 0.18234
7551.020 5306.122 0.16315
7755.102 5306.122 0.14468
7959.184 5306.122 0.12746
8163.265 5306.122 0.11181
8367.347 5306.122 0.09786
8571.429 5306.122 0.08560
8775.510 5306.122 0.07493
8979.592 5306.122 0.06570
9183.673 5306.122 0.05774
9387.755 5306.122 0.05089
9591.837 5306.122 0.04499
9795.918 5306.122 0.03990
10000.000 5306.122 0.03551
0.000 5510.204 0.02990
204.082 5510.204 0.03330
408.163 5510.204 0.03718
612.245 5510.204 0.04162
816.327 5510.204 0.04671
1020.408 5510.204 0.05253
1224.490 5510.204 0.05919
1428.571 5510.204 0.06680
1632.653 5510.204 0.07544
1836.735 5510.204 0.08520
2040.816 5510.204 0.09613
2244.898 5510.204 0.10821
2448.980 5510.204 0.12138
2653.061 5510.204 0.13544
2857.143 5510.204 0.15012
3061.224 5510.204 0.16508
3265.306 5510.204 0.17991
3469.388 5510.204 0.19423
3673.469 5510.204 0.20777
3877.551 5510.204 0.22034
4081.633 5510.204 0.23188
4285.714 5510.204 0.24242
4489.796 5510.204 0.25204
4693.878 5510.204 0.26079
4897.959 5510.204 0.26864
5102.041 5510.204 0.27544
5306.122 5510.204 0.28091
5510.204 5510.204 0.28468
5714.286 5510.204 0.28627
5918.367 5510.204 0.28522
6122.449 5510.204 0.28107
6326.531 5510.204 0.27353
6530.612 5510.204 0.26248
6734.694 5510.204 0.24809
6938.776 5510.204 0.23083
7142.857 5510.204 0.21150
7346.939 5510.204 0.19107
7551.020 5510.204 0.17054
7755.102 5510.204 0.15077
7959.184 5510.204 0.13237
8163.265 5510.204 0.11571
8367.347 5510.204 0.10093
8571.429 5510.204 0.08800
8775.510 5510.204 0.07680
8979.592 5510.204 0.06715
9183.673 5510.204 0.05887
9387.755 5510.204 0.05177
9591.837 5510.204 0.04568
9795.918 5510.204 0.04045
10000.000 5510.204 0.03594
0.000 5714.286 0.02910
204.082 5714.286 0.03233
408.163 5714.286 0.03601
612.245 5714.286 0.04019
816.327 5714.286 0.04496
1020.408 5714.286 0.05040
1224.490 5714.286 0.05658
1428.571 5714.286 0.06359
1632.653 5714.286 0.07152
1836.735 5714.286 0.08042
2040.816 5714.286 0.09033
2244.898 5714.286 0.10125
2448.980 5714.286 0.11311
2653.061 5714.286 0.12578
2857.143 5714.286 0.13906
3061.224 5714.286 0.15270
3265.306 5714.286 0.16642
3469.388 5714.286 0.17997
3673.469 5714.286 0.19315
3877.551 5714.286 0.20587
4081.633 5714.286 0.21809
4285.714 5714.286 0.22985
4489.796 5714.286 0.24117
4693.878 5714.286 0.25204
4897.959 5714.286 0.26233
5102.041 5714.286 0.27176
5306.122 5714.286 0.27992
5510.204 5714.286 0.28627
5714.286 5714.286 0.29022
5918.367 5714.286 0.29117
6122.449 5714.286 0.28860
6326.531 5714.286 0.28212
6530.612 5714.286 0.27159
6734.694 5714.286 0.25719
6938.776 5714.286 0.23947
7142.857 5714.286 0.21932
7346.939 5714.286 0.19786
7551.020 5714.286 0.17622
7755.102 5714.286 0.15538
7959.184 5714.286 0.13603
8163.265 5714.286 0.11857
8367.347 5714.286 0.10313
8571.429 5714.286 0.08969
8775.510 5714.286 0.07808
8979.592 5714.286 0.06813
9183.673 5714.286 0.05962
9387.755 5714.286 0.05234
9591.837 5714.286 0.04611
9795.918 5714.286 0.04078
10000.000 5714.286 0.03619
0.000 5918.367 0.02823
204.082 5918.367 0.03128
408.163 5918.367 0.03474
612.245 5918.367 0.03867
816.327 5918.367 0.04312
1020.408 5918.367 0.04816
1224.490 5918.367 0.05386
1428.571 5918.367 0.06030
1632.653 5918.367 0.06753
1836.735 5918.367 0.07560
2040.816 5918.367 0.08456
2244.898 5918.367 0.09438
2448.980 5918.367 0.10503
2653.061 5918.367 0.11642
2857.143 5918.367 0.12842
3061.224 5918.367 0.14084
3265.306 5918.367 0.15352
3469.388 5918.367 0.16631
3673.469 5918.367 0.17909
3877.551 5918.367 0.19182
4081.633 5918.367 0.20451
4285.714 5918.367 0.21718
4489.796 5918.367 0.22985
4693.878 5918.367 0.24242
4897.959 5918.367 0.25470
5102.041 5918.367 0.26630
5306.122 5918.367 0.27669
5510.204 5918.367 0.28522
5714.286 5918.367 0.29117
5918.367 5918.367 0.29386
6122.449 5918.367 0.29268
6326.531 5918.367 0.28720
6530.612 5918.367 0.27725
6734.694 5918.367 0.26299
6938.776 5918.367 0.24502
7142.857 5918.367 0.22433
7346.939 5918.367 0.20215
7551.020 5918.367 0.17974
7755.102 5918.367 0.15816
7959.184 5918.367 0.13817
8163.265 5918.367 0.12017
8367.347 5918.367 0.10431
8571.429 5918.367 0.09055
8775.510 5918.367 0.07870
8979.592 5918.367 0.06857
9183.673 5918.367 0.05993
9387.755 5918.367 0.05256
9591.837 5918.367 0.04626
9795.918 5918.367 0.04088
10000.000 5918.367 0.03626
0.000 6122.449 0.02730
204.082 6122.449 0.03017
408.163 6122.449 0.03342
612.245 6122.449 0.03708
816.327 6122.449 0.04121
1020.408 6122.449 0.04587
1224.490 6122.449 0.05111
1428.571 6122.449 0.05698
1632.653 6122.449 0.06356
1836.735 6122.449 0.07086
2040.816 6122.449 0.07892
2244.898 6122.449 0.08775
2448.980 6122.449 0.09730
2653.061 6122.449 0.10754
2857.143 6122.449 0.11837
3061.224 6122.449 0.12969
3265.306 6122.449 0.14141
3469.388 6122.449 0.15344
3673.469 6122.449 0.16576
3877.551 6122.449 0.17835
4081.633 6122.449 0.19126
4285.714 6122.449 0.20451
4489.796 6122.449 0.21809
4693.878 6122.449 0.23188
4897.959 6122.449 0.24560
5102.041 6122.449 0.25881
5306.122 6122.449 0.27088
5510.204 6122.449 0.28107
5714.286 6122.449 0.28860
5918.367 6122.449 0.29268
6122.449 6122.449 0.29268
6326.531 6122.449 0.28811
6530.612 6122.449 0.27876
6734.694 6122.449 0.26481
6938.776 6122.449 0.24687
7142.857 6122.449 0.22600
7346.939 6122.449 0.20352
7551.020 6122.449 0.18076
7755.102 6122.449 0.15885
7959.184 6122.449 0.13858
8163.265 6122.449 0.12037
8367.347 6122.449 0.10437
8571.429 6122.449 0.09050
8775.510 6122.449 0.07860
8979.592 6122.449 0.06844
9183.673 6122.449 0.05978
9387.755 6122.449 0.05240
9591.837 6122.449 0.04611
9795.918 6122.449 0.04073
10000.000 6122.449 0.03612
0.000 6326.531 0.02633
204.082 6326.531 0.02902
408.163 6326.531 0.03205
612.245 6326.531 0.03545
816.327 6326.531 0.03927
1020.408 6326.531 0.04356
1224.490 6326.531 0.04836
1428.571 6326.531 0.05371
1632.653 6326.531 0.05967
1836.735 6326.531 0.06626
2040.816 6326.531 0.07351
2244.898 6326.531 0.08143
2448.980 6326.531 0.09000
2653.061 6326.531 0.09920
2857.143 6326.531 0.10899
3061.224 6326.531 0.11931
3265.306 6326.531 0.13013
3469.388 6326.531 0.14142
3673.469 6326.531 0.15319
3877.551 6326.531 0.16549
4081.633 6326.531 0.17835
4285.714 6326.531 0.19182
4489.796 6326.531 0.20587
4693.878 6326.531 0.22034
4897.959 6326.531 0.23492
5102.041 6326.531 0.24912
5306.122 6326.531 0.26226
5510.204 6326.531 0.27353
5714.286 6326.531 0.28212
5918.367 6326.531 0.28720
6122.449 6326.531 0.28811
6326.531 6326.531 0.28432
6530.612 6326.531 0.27563
6734.694 6326.531 0.26218
6938.776 6326.531 0.24460
7142.857 6326.531 0.22398
7346.939 6326.531 0.20166
7551.020 6326.531 0.17904
7755.102 6326.531 0.15727
7959.184 6326.531 0.13715
8163.265 6326.531 0.11910
8367.347 6326.531 0.10325
8571.429 6326.531 0.08953
8775.510 6326.531 0.07776
8979.592 6326.531 0.06772
9183.673 6326.531 0.05916
9387.755 6326.531 0.05187
9591.837 6326.531 0.04566
9795.918 6326.531 0.04035
10000.000 6326.531 0.03579
0.000 6530.612 0.02533
204.082 6530.612 0.02785
408.163 6530.612 0.03067
612.245 6530.612 0.03382
816.327 6530.612 0.03734
1020.408 6530.612 0.04127
1224.490 6530.612 0.04565
1428.571 6530.612 0.05052
1632.653 6530.612 0.05591
1836.735 6530.612 0.06185
2040.816 6530.612 0.06837
2244.898 6530.612 0.07548
2448.980 6530.612 0.08318
2653.061 6530.612 0.09145
2857.143 6530.612 0.10030
3061.224 6530.612 0.10971
3265.306 6530.612 0.11967
3469.388 6530.612 0.13021
3673.469 6530.612 0.14137
3877.551 6530.612 0.15319
4081.633 6530.612 0.16576
4285.714 6530.612 0.17909
4489.796 6530.612 0.19315
4693.878 6530.612 0.20777
4897.959 6530.612 0.22262
5102.041 6530.612 0.23717
5306.122 6530.612 0.25073
5510.204 6530.612 0.26248
5714.286 6530.612 0.27159
5918.367 6530.612 0.27725
6122.449 6530.612 0.27876
6326.531 6530.612 0.27563
6530.612 6530.612 0.26762
6734.694 6530.612 0.25488
6938.776 6530.612 0.23802
7142.857 6530.612 0.21810
7346.939 6530.612 0.19648
7551.020 6530.612 0.17453
7755.102 6530.612 0.15340
7959.184 6530.612 0.13387
8163.265 6530.612 0.11635
8367.347 6530.612 0.10096
8571.429 6530.612 0.08764
8775.510 6530.612 0.07620
8979.592 6530.612 0.06642
9183.673 6530.612 0.05809
9387.755 6530.612 0.05098
9591.837 6530.612 0.04491
9795.918 6530.612 0.03972
10000.000 6530.612 0.03526
0.000 6734.694 0.02431
204.082 6734.694 0.02666
408.163 6734.694 0.02928
612.245 6734.694 0.03219
816.327 6734.694 0.03543
1020.408 6734.694 0.03903
1224.490 6734.694 0.04302
1428.571 6734.694 0.04744
1632.653 6734.694 0.05231
1836.735 6734.694 0.05767
2040.816 6734.694 0.06353
2244.898 6734.694 0.06991
2448.980 6734.694 0.07682
2653.061 6734.694 0.08428
2857.143 6734.694 0.09228
3061.224 6734.694 0.10084
3265.306 6734.694 0.10998
3469.388 6734.694 0.11976
3673.469 6734.694 0.13021
3877.551 6734.694 0.14142
4081.633 6734.694 0.15344
4285.714 6734.694 0.16631
4489.796 6734.694 0.17997
4693.878 6734.694 0.19423
4897.959 6734.694 0.20878
5102.041 6734.694 0.22308
5306.122 6734.694 0.23644
5510.204 6734.694 0.24809
5714.286 6734.694 0.25719
5918.367 6734.694 0.26299
6122.449 6734.694 0.26481
6326.531 6734.694 0.26218
6530.612 6734.694 0.25488
6734.694 6734.694 0.24304
6938.776 6734.694 0.22724
7142.857 6734.694 0.20850
7346.939 6734.694 0.18810
7551.020 6734.694 0.16736
7755.102 6734.694 0.14737
7959.184 6734.694 0.12886
8163.265 6734.694 0.11223
8367.347 6734.694 0.09759
8571.429 6734.694 0.08489
8775.510 6734.694 0.07395
8979.592 6734.694 0.06459
9183.673 6734.694 0.05659
9387.755 6734.694 0.04975
9591.837 6734.694 0.04389
9795.918 6734.694 0.03887
10000.000 6734.694 0.03456
0.000 6938.776 0.02329
204.082 6938.776 0.02548
408.163 6938.776 0.02790
612.245 6938.776 0.03058
816.327 6938.776 0.03355
1020.408 6938.776 0.03684
1224.490 6938.776 0.04048
1428.571 6938.776 0.04449
1632.653 6938.776 0.04889
1836.735 6938.776 0.05372
2040.816 6938.776 0.05899
2244.898 6938.776 0.06472
2448.980 6938.776 0.07093
2653.061 6938.776 0.07764
2857.143 6938.776 0.08486
3061.224 6938.776 0.09264
3265.306 6938.776 0.10099
3469.388 6938.776 0.10998
3673.469 6938.776 0.11967
3877.551 6938.776 0.13013
4081.633 6938.776 0.14141
4285.714 6938.776 0.15352
4489.796 6938.776 0.16642
4693.878 6938.776 0.17991
4897.959 6938.776 0.19366
5102.041 6938.776 0.20718
5306.122 6938.776 0.21981
5510.204 6938.776 0.23083
5714.286 6938.776 0.23947
5918.367 6938.776 0.24502
6122.449 6938.776 0.24687
6326.531 6938.776 0.24460
6530.612 6938.776 0.23802
6734.694 6938.776 0.22724
6938.776 6938.776 0.21282
7142.857 6938.776 0.19567
7346.939 6938.776 0.17696
7551.020 6938.776 0.15790
7755.102 6938.776 0.13947
7959.184 6938.776 0.12236
8163.265 6938.776 0.10692
8367.347 6938.776 0.09328
8571.429 6938.776 0.08139
8775.510 6938.776 0.07112
8979.592 6938.776 0.06229
9183.673 6938.776 0.05471
9387.755 6938.776 0.04821
9591.837 6938.776 0.04263
9795.918 6938.776 0.03782
10000.000 6938.776 0.03368
0.000 7142.857 0.02228
204.082 7142.857 0.02430
408.163 7142.857 0.02654
612.245 7142.857 0.02901
816.327 7142.857 0.03174
1020.408 7142.857 0.03474
1224.490 7142.857 0.03804
1428.571 7142.857 0.04167
1632.653 7142.857 0.04565
1836.735 7142.857 0.05000
2040.816 7142.857 0.05474
2244.898 7142.857 0.05989
2448.980 7142.857 0.06547
2653.061 7142.857 0.07150
2857.143 7142.857 0.07802
3061.224 7142.857 0.08505
3265.306 7142.857 0.09264
3469.388 7142.857 0.10084
3673.469 7142.857 0.10971
3877.551 7142.857 0.11931
4081.633 7142.857 0.12969
4285.714 7142.857 0.14084
4489.796 7142.857 0.15270
4693.878 7142.857 0.16508
4897.959 7142.857 0.17767
5102.041 7142.857 0.19000
5306.122 7142.857 0.20151
5510.204 7142.857 0.21150
5714.286 7142.857 0.21932
5918.367 7142.857 0.22433
6122.449 7142.857 0.22600
6326.531 7142.857 0.22398
6530.612 7142.857 0.21810
6734.694 7142.857 0.20850
6938.776 7142.857 0.19567
7142.857 7142.857 0.18041
7346.939 7142.857 0.16374
7551.020 7142.857 0.14670
7755.102 7142.857 0.13015
7959.184 7142.857 0.11470
8163.265 7142.857 0.10068
8367.347 7142.857 0.08822
8571.429 7142.857 0.07730
8775.510 7142.857 0.06780
8979.592 7142.857 0.05959
9183.673 7142.857 0.05251
9387.755 7142.857 0.04641
9591.837 7142.857 0.04114
9795.918 7142.857 0.03660
10000.000 7142.857 0.03266
0.000 7346.939 0.02128
204.082 7346.939 0.02315
408.163 7346.939 0.02521
612.245 7346.939 0.02748
816.327 7346.939 0.02998
1020.408 7346.939 0.03272
1224.490 7346.939 0.03572
1428.571 7346.939 0.03901
1632.653 7346.939 0.04260
1836.735 7346.939 0.04652
2040.816 7346.939 0.05078
2244.898 7346.939 0.05540
2448.980 7346.939 0.06041
2653.061 7346.939 0.06583
2857.143 7346.939 0.07169
3061.224 7346.939 0.07802
3265.306 7346.939 0.08486
3469.388 7346.939 0.09228
3673.469 7346.939 0.10030
3877.551 7346.939 0.10899
4081.633 7346.939 0.11837
4285.714 7346.939 0.12842
4489.796 7346.939 0.13906
4693.878 7346.939 0.15012
4897.959 7346.939 0.16131
5102.041 7346.939 0.17222
5306.122 7346.939 0.18234
5510.204 7346.939 0.19107
5714.286 7346.939 0.19786
5918.367 7346.939 0.20215
6122.449 7346.939 0.20352
6326.531 7346.939 0.20166
6530.612 7346.939 0.19648
6734.694 7346.939 0.18810
6938.776 7346.939 0.17696
7142.857 7346.939 0.16374
7346.939 7346.939 0.14927
7551.020 7346.939 0.13442
7755.102 7346.939 0.11992
7959.184 7346.939 0.10628
8163.265 7346.939 0.09381
8367.347 7346.939 0.08264
8571.429 7346.939 0.07276
8775.510 7346.939 0.06412
8979.592 7346.939 0.05659
9183.673 7346.939 0.05006
9387.755 7346.939 0.04440
9591.837 7346.939 0.03949
9795.918 7346.939 0.03522
10000.000 7346.939 0.03152
0.000 7551.020 0.02029
204.082 7551.020 0.02203
408.163 7551.020 0.02393
612.245 7551.020 0.02601
816.327 7551.020 0.02829
1020.408 7551.020 0.03079
1224.490 7551.020 0.03351
1428.571 7551.020 0.03649
1632.653 7551.020 0.03973
1836.735 7551.020 0.04326
2040.816 7551.020 0.04708
2244.898 7551.020 0.05123
2448.980 7551.020 0.05572
2653.061 7551.020 0.06058
2857.143 7551.020 0.06583
3061.224 7551.020 0.07150
3265.306 7551.020 0.07764
3469.388 7551.020 0.08428
3673.469 7551.020 0.09145
3877.551 7551.020 0.09920
4081.633 7551.020 0.10754
4285.714 7551.020 0.11642
4489.796 7551.020 0.12578
4693.878 7551.020 0.13544
4897.959 7551.020 0.14514
5102.041 7551.020 0.15452
5306.122 7551.020 0.16315
5510.204 7551.020 0.17054
5714.286 7551.020 0.17622
5918.367 7551.020 0.17974
6122.449 7551.020 0.18076
6326.531 7551.020 0.17904
6530.612 7551.020 0.17453
6734.694 7551.020 0.16736
6938.776 7551.020 0.15790
7142.857 7551.020 0.14670
7346.939 7551.020 0.13442
7551.020 7551.020 0.12177
7755.102 7551.020 0.10931
7959.184 7551.020 0.09750
8163.265 7551.020 0.08661
8367.347 7551.020 0.07675
8571.429 7551.020 0.06796
8775.510 7551.020 0.06020
8979.592 7551.020 0.05339
9183.673 7551.020 0.04743
9387.755 7551.020 0.04223
9591.837 7551.020 0.03770
9795.918 7551.020 0.03374
10000.000 7551.020 0.03028
0.000 7755.102 0.01933
204.082 7755.102 0.02093
408.163 7755.102 0.02268
612.245 7755.102 0.02459
816.327 7755.102 0.02667
1020.408 7755.102 0.02895
1224.490 7755.102 0.03142
1428.571 7755.102 0.03411
1632.653 7755.102 0.03704
1836.735 7755.102 0.04021
2040.816 7755.102 0.04365
2244.898 7755.102 0.04737
2448.980 7755.102 0.05138
2653.061 7755.102 0.05572
2857.143 7755.102 0.06041
3061.224 7755.102 0.06547
3265.306 7755.102 0.07093
3469.388 7755.102 0.07682
3673.469 7755.102 0.08318
3877.551 7755.102 0.09000
4081.633 7755.102 0.09730
4285.714 7755.102 0.10503
4489.796 7755.102 0.11311
4693.878 7755.102 0.12138
4897.959 7755.102 0.12960
5102.041 7755.102 0.13749
5306.122 7755.102 0.14468
5510.204 7755.102 0.15077
5714.286 7755.102 0.15538
5918.367 7755.102 0.15816
6122.449 7755.102 0.15885
6326.531 7755.102 0.15727
6530.612 7755.102 0.15340
6734.694 7755.102 0.14737
6938.776 7755.102 0.13947
7142.857 7755.102 0.13015
7346.939 7755.102 0.11992
7551.020 7755.102 0.10931
7755.102 7755.102 0.09880
7959.184 7755.102 0.08874
8163.265 7755.102 0.07935
8367.347 7755.102 0.07078
8571.429 7755.102 0.06305
8775.510 7755.102 0.05617
8979.592 7755.102 0.05007
9183.673 7755.102 0.04470
9387.755 7755.102 0.03997
9591.837 7755.102 0.03582
9795.918 7755.102 0.03217
10000.000 7755.102 0.02896
0.000 7959.184 0.01840
204.082 7959.184 0.01987
408.163 7959.184 0.02148
612.245 7959.184 0.02323
816.327 7959.184 0.02513
1020.408 7959.184 0.02720
1224.490 7959.184 0.02944
1428.571 7959.184 0.03188
1632.653 7959.184 0.03451
1836.735 7959.184 0.03737
2040.816 7959.184 0.04045
2244.898 7959.184 0.04378
2448.980 7959.184 0.04737
2653.061 7959.184 0.05123
2857.143 7959.184 0.05540
3061.224 7959.184 0.05989
3265.306 7959.184 0.06472
3469.388 7959.184 0.06991
3673.469 7959.184 0.07548
3877.551 7959.184 0.08143
4081.633 7959.184 0.08775
4285.714 7959.184 0.09438
4489.796 7959.184 0.10125
4693.878 7959.184 0.10821
4897.959 7959.184 0.11508
5102.041 7959.184 0.12159
5306.122 7959.184 0.12746
5510.204 7959.184 0.13237
5714.286 7959.184 0.13603
5918.367 7959.184 0.13817
6122.449 7959.184 0.13858
6326.531 7959.184 0.13715
6530.612 7959.184 0.13387
6734.694 7959.184 0.12886
6938.776 7959.184 0.12236
7142.857 7959.184 0.11470
7346.939 7959.184 0.10628
7551.020 7959.184 0.09750
7755.102 7959.184 0.08874
7959.184 7959.184 0.08026
8163.265 7959.184 0.07227
8367.347 7959.184 0.06490
8571.429 7959.184 0.05818
8775.510 7959.184 0.05213
8979.592 7959.184 0.04673
9183.673 7959.184 0.04192
9387.755 7959.184 0.03766
9591.837 7959.184 0.03388
9795.918 7959.184 0.03055
10000.000 7959.184 0.02760
0.000 8163.265 0.01750
204.082 8163.265 0.01885
408.163 8163.265 0.02033
612.245 8163.265 0.02193
816.327 8163.265 0.02366
1020.408 8163.265 0.02554
1224.490 8163.265 0.02758
1428.571 8163.265 0.02978
1632.653 8163.265 0.03215
1836.735 8163.265 0.03471
2040.816 8163.265 0.03748
2244.898 8163.265 0.04045
2448.980 8163.265 0.04365
2653.061 8163.265 0.04708
2857.143 8163.265 0.05078
3061.224 8163.265 0.05474
3265.306 8163.265 0.05899
3469.388 8163.265 0.06353
3673.469 8163.265 0.06837
3877.551 8163.265 0.07351
4081.633 8163.265 0.07892
4285.714 8163.265 0.08456
4489.796 8163.265 0.09033
4693.878 8163.265 0.09613
4897.959 8163.265 0.10178
5102.041 8163.265 0.10708
5306.122 8163.265 0.11181
5510.204 8163.265 0.11571
5714.286 8163.265 0.11857
5918.367 8163.265 0.12017
6122.449 8163.265 0.12037
6326.531 8163.265 0.11910
6530.612 8163.265 0.11635
6734.694 8163.265 0.11223
6938.776 8163.265 0.10692
7142.857 8163.265 0.10068
7346.939 8163.265 0.09381
7551.020 8163.265 0.08661
7755.102 8163.265 0.07935
7959.184 8163.265 0.07227
8163.265 8163.265 0.06553
8367.347 8163.265 0.05924
8571.429 8163.265 0.05345
8775.510 8163.265 0.04818
8979.592 8163.265 0.04342
9183.673 8163.265 0.03916
9387.755 8163.265 0.03534
9591.837 8163.265 0.03194
9795.918 8163.265 0.02891
10000.000 8163.265 0.02621
0.000 8367.347 0.01662
204.082 8367.347 0.01787
408.163 8367.347 0.01922
612.245 8367.347 0.02069
816.327 8367.347 0.02227
1020.408 8367.347 0.02398
1224.490 8367.347 0.02582
1428.571 8367.347 0.02780
1632.653 8367.347 0.02994
1836.735 8367.347 0.03224
2040.816 8367.347 0.03471
2244.898 8367.347 0.03737
2448.980 8367.347 0.04021
2653.061 8367.347 0.04326
2857.143 8367.347 0.04652
3061.224 8367.347 0.05000
3265.306 8367.347 0.05372
3469.388 8367.347 0.05767
3673.469 8367.347 0.06185
3877.551 8367.347 0.06626
4081.633 8367.347 0.07086
4285.714 8367.347 0.07560
4489.796 8367.347 0.08042
4693.878 8367.347 0.08520
4897.959 8367.347 0.08981
5102.041 8367.347 0.09409
5306.122 8367.347 0.09786
5510.204 8367.347 0.10093
5714.286 8367.347 0.10313
5918.367 8367.347 0.10431
6122.449 8367.347 0.10437
6326.531 8367.347 0.10325
6530.612 8367.347 0.10096
6734.694 8367.347 0.09759
6938.776 8367.347 0.09328
7142.857 8367.347 0.08822
7346.939 8367.347 0.08264
7551.020 8367.347 0.07675
7755.102 8367.347 0.07078
7959.184 8367.347 0.06490
8163.265 8367.347 0.05924
8367.347 8367.347 0.05390
8571.429 8367.347 0.04894
8775.510 8367.347 0.04438
8979.592 8367.347 0.04022
9183.673 8367.347 0.03645
9387.755 8367.347 0.03306
9591.837 8367.347 0.03001
9795.918 8367.347 0.02727
10000.000 8367.347 0.02482
0.000 8571.429 0.01578
204.082 8571.429 0.01693
408.163 8571.429 0.01817
612.245 8571.429 0.01951
816.327 8571.429 0.02095
1020.408 8571.429 0.02250
1224.490 8571.429 0.02416
1428.571 8571.429 0.02596
1632.653 8571.429 0.02788
1836.735 8571.429 0.02994
2040.816 8571.429 0.03215
2244.898 8571.429 0.03451
2448.980 8571.429 0.03704
2653.061 8571.429 0.03973
2857.143 8571.429 0.04260
3061.224 8571.429 0.04565
3265.306 8571.429 0.04889
3469.388 8571.429 0.05231
3673.469 8571.429 0.05591
3877.551 8571.429 0.05967
4081.633 8571.429 0.06356
4285.714 8571.429 0.06753
4489.796 8571.429 0.07152
4693.878 8571.429 0.07544
4897.959 8571.429 0.07918
5102.041 8571.429 0.08261
5306.122 8571.429 0.08560
5510.204 8571.429 0.08800
5714.286 8571.429 0.08969
5918.367 8571.429 0.09055
6122.449 8571.429 0.09050
6326.531 8571.429 0.08953
6530.612 8571.429 0.08764
6734.694 8571.429 0.08489
6938.776 8571.429 0.08139
7142.857 8571.429 0.07730
7346.939 8571.429 0.07276
7551.020 8571.429 0.06796
7755.102 8571.429 0.06305
7959.184 8571.429 0.05818
8163.265 8571.429 0.05345
8367.347 8571.429 0.04894
8571.429 8571.429 0.04470
8775.510 8571.429 0.04077
8979.592 8571.429 0.03715
9183.673 8571.429 0.03385
9387.755 8571.429 0.03084
9591.837 8571.429 0.02812
9795.918 8571.429 0.02566
10000.000 8571.429 0.02344
0.000 8775.510 0.01498
204.082 8775.510 0.01603
408.163 8775.510 0.01717
612.245 8775.510 0.01839
816.327 8775.510 0.01970
1020.408 8775.510 0.02110
1224.490 8775.510 0.02261
1428.571 8775.510 0.02423
1632.653 8775.510 0.02596
1836.735 8775.510 0.02780
2040.816 8775.510 0.02978
2244.898 8775.510 0.03188
2448.980 8775.510 0.03411
2653.061 8775.510 0.03649
2857.143 8775.510 0.03901
3061.224 8775.510 0.04167
3265.306 8775.510 0.04449
3469.388 8775.510 0.04744
3673.469 8775.510 0.05052
3877.551 8775.510 0.05371
4081.633 8775.510 0.05698
4285.714 8775.510 0.06030
4489.796 8775.510 0.06359
4693.878 8775.510 0.06680
4897.959 8775.510 0.06982
5102.041 8775.510 0.07257
5306.122 8775.510 0.07493
5510.204 8775.510 0.07680
5714.286 8775.510 0.07808
5918.367 8775.510 0.07870
6122.449 8775.510 0.07860
6326.531 8775.510 0.07776
6530.612 8775.510 0.07620
6734.694 8775.510 0.07395
6938.776 8775.510 0.07112
7142.857 8775.510 0.06780
7346.939 8775.510 0.06412
7551.020 8775.510 0.06020
7755.102 8775.510 0.05617
7959.184 8775.510 0.05213
8163.265 8775.510 0.04818
8367.347 8775.510 0.04438
8571.429 8775.510 0.04077
8775.510 8775.510 0.03739
8979.592 8775.510 0.03425
9183.673 8775.510 0.03136
9387.755 8775.510 0.02871
9591.837 8775.510 0.02629
9795.918 8775.510 0.02409
10000.000 8775.510 0.02209
0.000 8979.592 0.01421
204.082 8979.592 0.01517
408.163 8979.592 0.01621
612.245 8979.592 0.01733
816.327 8979.592 0.01852
1020.408 8979.592 0.01979
1224.490 8979.592 0.02116
1428.571 8979.592 0.02261
1632.653 8979.592 0.02416
1836.735 8979.592 0.02582
2040.816 8979.592 0.02758
2244.898 8979.592 0.02944
2448.980 8979.592 0.03142
2653.061 8979.592 0.03351
2857.143 8979.592 0.03572
3061.224 8979.592 0.03804
3265.306 8979.592 0.04048
3469.388 8979.592 0.04302
3673.469 8979.592 0.04565
3877.551 8979.592 0.04836
4081.633 8979.592 0.05111
4285.714 8979.592 0.05386
4489.796 8979.592 0.05658
4693.878 8979.592 0.05919
4897.959 8979.592 0.06164
5102.041 8979.592 0.06383
5306.122 8979.592 0.06570
5510.204 8979.592 0.06715
5714.286 8979.592 0.06813
5918.367 8979.592 0.06857
6122.449 8979.592 0.06844
6326.531 8979.592 0.06772
6530.612 8979.592 0.06642
6734.694 8979.592 0.06459
6938.776 8979.592 0.06229
7142.857 8979.592 0.05959
7346.939 8979.592 0.05659
7551.020 8979.592 0.05339
7755.102 8979.592 0.05007
7959.184 8979.592 0.04673
8163.265 8979.592 0.04342
8367.347 8979.592 0.04022
8571.429 8979.592 0.03715
8775.510 8979.592 0.03425
8979.592 8979.592 0.03154
9183.673 8979.592 0.02902
9387.755 8979.592 0.02669
9591.837 8979.592 0.02454
9795.918 8979.592 0.02258
10000.000 8979.592 0.02078
0.000 9183.673 0.01347
204.082 9183.673 0.01436
408.163 9183.673 0.01531
612.245 9183.673 0.01632
816.327 9183.673 0.01741
1020.408 9183.673 0.01856
1224.490 9183.673 0.01979
1428.571 9183.673 0.02110
1632.653 9183.673 0.02250
1836.735 9183.673 0.02398
2040.816 9183.673 0.02554
2244.898 9183.673 0.02720
2448.980 9183.673 0.02895
2653.061 9183.673 0.03079
2857.143 9183.673 0.03272
3061.224 9183.673 0.03474
3265.306 9183.673 0.03684
3469.388 9183.673 0.03903
3673.469 9183.673 0.04127
3877.551 9183.673 0.04356
4081.633 9183.673 0.04587
4285.714 9183.673 0.04816
4489.796 9183.673 0.05040
4693.878 9183.673 0.05253
4897.959 9183.673 0.05451
5102.041 9183.673 0.05626
5306.122 9183.673 0.05774
5510.204 9183.673 0.05887
5714.286 9183.673 0.05962
5918.367 9183.673 0.05993
6122.449 9183.673 0.05978
6326.531 9183.673 0.05916
6530.612 9183.673 0.05809
6734.694 9183.673 0.05659
6938.776 9183.673 0.05471
7142.857 9183.673 0.05251
7346.939 9183.673 0.05006
7551.020 9183.673 0.04743
7755.102 9183.673 0.04470
7959.184 9183.673 0.04192
8163.265 9183.673 0.03916
8367.347 9183.673 0.03645
8571.429 9183.673 0.03385
8775.510 9183.673 0.03136
8979.592 9183.673 0.02902
9183.673 9183.673 0.02682
9387.755 9183.673 0.02477
9591.837 9183.673 0.02288
9795.918 9183.673 0.02113
10000.000 9183.673 0.01952
0.000 9387.755 0.01276
204.082 9387.755 0.01358
408.163 9387.755 0.01445
612.245 9387.755 0.01537
816.327 9387.755 0.01636
1020.408 9387.755 0.01741
1224.490 9387.755 0.01852
1428.571 9387.755 0.01970
1632.653 9387.755 0.02095
1836.735 9387.755 0.02227
2040.816 9387.755 0.02366
2244.898 9387.755 0.02513
2448.980 9387.755 0.02667
2653.061 9387.755 0.02829
2857.143 9387.755 0.02998
3061.224 9387.755 0.03174
3265.306 9387.755 0.03355
3469.388 9387.755 0.03543
3673.469 9387.755 0.03734
3877.551 9387.755 0.03927
4081.633 9387.755 0.04121
4285.714 9387.755 0.04312
4489.796 9387.755 0.04496
4693.878 9387.755 0.04671
4897.959 9387.755 0.04831
5102.041 9387.755 0.04972
5306.122 9387.755 0.05089
5510.204 9387.755 0.05177
5714.286 9387.755 0.05234
5918.367 9387.755 0.05256
6122.449 9387.755 0.05240
6326.531 9387.755 0.05187
6530.612 9387.755 0.05098
6734.694 9387.755 0.04975
6938.776 9387.755 0.04821
7142.857 9387.755 0.04641
7346.939 9387.755 0.04440
7551.020 9387.755 0.04223
7755.102 9387.755 0.03997
7959.184 9387.755 0.03766
8163.265 9387.755 0.03534
8367.347 9387.755 0.03306
8571.429 9387.755 0.03084
8775.510 9387.755 0.02871
8979.592 9387.755 0.02669
9183.673 9387.755 0.02477
9387.755 9387.755 0.02298
9591.837 9387.755 0.02130
9795.918 9387.755 0.01975
10000.000 9387.755 0.01831
0.000 9591.837 0.01210
204.082 9591.837 0.01284
408.163 9591.837 0.01364
612.245 9591.837 0.01448
816.327 9591.837 0.01537
1020.408 9591.837 0.01632
1224.490 9591.837 0.01733
1428.571 9591.837 0.01839
1632.653 9591.837 0.01951
1836.735 9591.837 0.02069
2040.816 9591.837 0.02193
2244.898 9591.837 0.02323
2448.980 9591.837 0.02459
2653.061 9591.837 0.02601
2857.143 9591.837 0.02748
3061.224 9591.837 0.02901
3265.306 9591.837 0.03058
3469.388 9591.837 0.03219
3673.469 9591.837 0.03382
3877.551 9591.837 0.03545
4081.633 9591.837 0.03708
4285.714 9591.837 0.03867
4489.796 9591.837 0.04019
4693.878 9591.837 0.04162
4897.959 9591.837 0.04292
5102.041 9591.837 0.04405
5306.122 9591.837 0.04499
5510.204 9591.837 0.04568
5714.286 9591.837 0.04611
5918.367 9591.837 0.04626
6122.449 9591.837 0.04611
6326.531 9591.837 0.04566
6530.612 9591.837 0.04491
6734.694 9591.837 0.04389
6938.776 9591.837 0.04263
7142.857 9591.837 0.04114
7346.939 9591.837 0.03949
7551.020 9591.837 0.03770
7755.102 9591.837 0.03582
7959.184 9591.837 0.03388
8163.265 9591.837 0.03194
8367.347 9591.837 0.03001
8571.429 9591.837 0.02812
8775.510 9591.837 0.02629
8979.592 9591.837 0.02454
9183.673 9591.837 0.02288
9387.755 9591.837 0.02130
9591.837 9591.837 0.01983
9795.918 9591.837 0.01845
10000.000 9591.837 0.01716
0.000 9795.918 0.01146
204.082 9795.918 0.01214
408.163 9795.918 0.01287
612.245 9795.918 0.01364
816.327 9795.918 0.01445
1020.408 9795.918 0.01531
1224.490 9795.918 0.01621
1428.571 9795.918 0.01717
1632.653 9795.918 0.01817
1836.735 9795.918 0.01922
2040.816 9795.918 0.02033
2244.898 9795.918 0.02148
2448.980 9795.918 0.02268
2653.061 9795.918 0.02393
2857.143 9795.918 0.02521
3061.224 9795.918 0.02654
3265.306 9795.918 0.02790
3469.388 9795.918 0.02928
3673.469 9795.918 0.03067
3877.551 9795.918 0.03205
4081.633 9795.918 0.03342
4285.714 9795.918 0.03474
4489.796 9795.918 0.03601
4693.878 9795.918 0.03718
4897.959 9795.918 0.03824
5102.041 9795.918 0.03916
5306.122 9795.918 0.03990
5510.204 9795.918 0.04045
5714.286 9795.918 0.04078
5918.367 9795.918 0.04088
6122.449 9795.918 0.04073
6326.531 9795.918 0.04035
6530.612 9795.918 0.03972
6734.694 9795.918 0.03887
6938.776 9795.918 0.03782
7142.857 9795.918 0.03660
7346.939 9795.918 0.03522
7551.020 9795.918 0.03374
7755.102 9795.918 0.03217
7959.184 9795.918 0.03055
8163.265 9795.918 0.02891
8367.347 9795.918 0.02727
8571.429 9795.918 0.02566
8775.510 9795.918 0.02409
8979.592 9795.918 0.02258
9183.673 9795.918 0.02113
9387.755 9795.918 0.01975
9591.837 9795.918 0.01845
9795.918 9795.918 0.01722
10000.000 9795.918 0.01607
0.000 10000.000 0.01085
204.082 10000.000 0.01148
408.163 10000.000 0.01214
612.245 10000.000 0.01284
816.327 10000.000 0.01358
1020.408 10000.000 0.01436
1224.490 10000.000 0.01517
1428.571 10000.000 0.01603
1632.653 10000.000 0.01693
1836.735 10000.000 0.01787
2040.816 10000.000 0.01885
2244.898 10000.000 0.01987
2448.980 10000.000 0.02093
2653.061 10000.000 0.02203
2857.143 10000.000 0.02315
3061.224 10000.000 0.02430
3265.306 10000.000 0.02548
3469.388 10000.000 0.02666
3673.469 10000.000 0.02785
3877.551 10000.000 0.02902
4081.633 10000.000 0.03017
4285.714 10000.000 0.03128
4489.796 10000.000 0.03233
4693.878 10000.000 0.03330
4897.959 10000.000 0.03417
5102.041 10000.000 0.03491
5306.122 10000.000 0.03551
5510.204 10000.000 0.03594
5714.286 10000.000 0.03619
5918.367 10000.000 0.03626
6122.449 10000.000 0.03612
6326.531 10000.000 0.03579
6530.612 10000.000 0.03526
6734.694 10000.000 0.03456
6938.776 10000.000 0.03368
7142.857 10000.000 0.03266
7346.939 10000.000 0.03152
7551.020 10000.000 0.03028
7755.102 10000.000 0.02896
7959.184 10000.000 0.02760
8163.265 10000.000 0.02621
8367.347 10000.000 0.02482
8571.429 10000.000 0.02344
8775.510 10000.000 0.02209
8979.592 10000.000 0.02078
9183.673 10000.000 0.01952
9387.755 10000.000 0.01831
9591.837 10000.000 0.01716
9795.918 10000.000 0.01607
10000.000 10000.000 0.01505
