    0     0 1000
    0   204 1000
    0   408 1000
    0   612 1000
    0   816 1000
    0  1020 1000
    0  1224 1000
    0  1429 1000
    0  1633 1000
    0  1837 1000
    0  2041 1000
    0  2245 1000
    0  2449 1000
    0  2653 1000
    0  2857 1000
    0  3061 1000
    0  3265 1000
    0  3469 1000
    0  3673 1000
    0  3878 1000
    0  4082 1000
    0  4286 1000
    0  4490 1000
    0  4694 1000
    0  4898 1000
    0  5102 1000
    0  5306 1000
    0  5510 1000
    0  5714 1000
    0  5918 1000
    0  6122 1000
    0  6327 1000
    0  6531 1000
    0  6735 1000
    0  6939 1000
    0  7143 1000
    0  7347 1000
    0  7551 1000
    0  7755 1000
    0  7959 1000
    0  8163 1000
    0  8367 1000
    0  8571 1000
    0  8776 1000
    0  8980 1000
    0  9184 1000
    0  9388 1000
    0  9592 1000
    0  9796 1000
    0 10000 1000
  204     0 1000
  204   204 1000
  204   408 1000
  204   612 1000
  204   816 1000
  204  1020 1000
  204  1224 1000
  204  1429 1000
  204  1633 1000
  204  1837 1000
  204  2041 1000
  204  2245 1000
  204  2449 1000
  204  2653 1000
  204  2857 1000
  204  3061 1000
  204  3265 1000
  204  3469 1000
  204  3673 1000
  204  3878 1000
  204  4082 1000
  204  4286 1000
  204  4490 1000
  204  4694 1000
  204  4898 1000
  204  5102 1000
  204  5306 1000
  204  5510 1000
  204  5714 1000
  204  5918 1000
  204  6122 1000
  204  6327 1000
  204  6531 1000
  204  6735 1000
  204  6939 1000
  204  7143 1000
  204  7347 1000
  204  7551 1000
  204  7755 1000
  204  7959 1000
  204  8163 1000
  204  8367 1000
  204  8571 1000
  204  8776 1000
  204  8980 1000
  204  9184 1000
  204  9388 1000
  204  9592 1000
  204  9796 1000
  204 10000 1000
  408     0 1000
  408   204 1000
  408   408 1000
  408   612 1000
  408   816 1000
  408  1020 1000
  408  1224 1000
  408  1429 1000
  408  1633 1000
  408  1837 1000
  408  2041 1000
  408  2245 1000
  408  2449 1000
  408  2653 1000
  408  2857 1000
  408  3061 1000
  408  3265 1000
  408  3469 1000
  408  3673 1000
  408  3878 1000
  408  4082 1000
  408  4286 1000
  408  4490 1000
  408  4694 1000
  408  4898 1000
  408  5102 1000
  408  5306 1000
  408  5510 1000
  408  5714 1000
  408  5918 1000
  408  6122 1000
  408  6327 1000
  408  6531 1000
  408  6735 1000
  408  6939 1000
  408  7143 1000
  408  7347 1000
  408  7551 1000
  408  7755 1000
  408  7959 1000
  408  8163 1000
  408  8367 1000
  408  8571 1000
  408  8776 1000
  408  8980 1000
  408  9184 1000
  408  9388 1000
  408  9592 1000
  408  9796 1000
  408 10000 1000
  612     0 1000
  612   204 1000
  612   408 1000
  612   612 1000
  612   816 1000
  612  1020 1000
  612  1224 1000
  612  1429 1000
  612  1633 1000
  612  1837 1000
  612  2041 1000
  612  2245 1000
  612  2449 1000
  612  2653 1000
  612  2857 1000
  612  3061 1000
  612  3265 1000
  612  3469 1000
  612  3673 1000
  612  3878 1000
  612  4082 1000
  612  4286 1000
  612  4490 1000
  612  4694 1000
  612  4898 1000
  612  5102 1000
  612  5306 1000
  612  5510 1000
  612  5714 1000
  612  5918 1000
  612  6122 1000
  612  6327 1000
  612  6531 1000
  612  6735 1000
  612  6939 1000
  612  7143 1000
  612  7347 1000
  612  7551 1000
  612  7755 1000
  612  7959 1000
  612  8163 1000
  612  8367 1000
  612  8571 1000
  612  8776 1000
  612  8980 1000
  612  9184 1000
  612  9388 1000
  612  9592 1000
  612  9796 1000
  612 10000 1000
  816     0 1000
  816   204 1000
  816   408 1000
  816   612 1000
  816   816 1000
  816  1020 1000
  816  1224 1000
  816  1429 1000
  816  1633 1000
  816  1837 1000
  816  2041 1000
  816  2245 1000
  816  2449 1000
  816  2653 1000
  816  2857 1000
  816  3061 1000
  816  3265 1000
  816  3469 1000
  816  3673 1000
  816  3878 1000
  816  4082 1000
  816  4286 1000
  816  4490 1000
  816  4694 1000
  816  4898 1000
  816  5102 1000
  816  5306 1000
  816  5510 1000
  816  5714 1000
  816  5918 1000
  816  6122 1000
  816  6327 1000
  816  6531 1000
  816  6735 1000
  816  6939 1000
  816  7143 1000
  816  7347 1000
  816  7551 1000
  816  7755 1000
  816  7959 1000
  816  8163 1000
  816  8367 1000
  816  8571 1000
  816  8776 1000
  816  8980 1000
  816  9184 1000
  816  9388 1000
  816  9592 1000
  816  9796 1000
  816 10000 1000
 1020     0 1000
 1020   204 1000
 1020   408 1000
 1020   612 1000
 1020   816 1000
 1020  1020 1000
 1020  1224 1000
 1020  1429 1000
 1020  1633 1000
 1020  1837 1000
 1020  2041 1000
 1020  2245 1000
 1020  2449 1000
 1020  2653 1000
 1020  2857 1000
 1020  3061 1000
 1020  3265 1000
 1020  3469 1000
 1020  3673 1000
 1020  3878 1000
 1020  4082 1000
 1020  4286 1000
 1020  4490 1000
 1020  4694 1000
 1020  4898 1000
 1020  5102 1000
 1020  5306 1000
 1020  5510 1000
 1020  5714 1000
 1020  5918 1000
 1020  6122 1000
 1020  6327 1000
 1020  6531 1000
 1020  6735 1000
 1020  6939 1000
 1020  7143 1000
 1020  7347 1000
 1020  7551 1000
 1020  7755 1000
 1020  7959 1000
 1020  8163 1000
 1020  8367 1000
 1020  8571 1000
 1020  8776 1000
 1020  8980 1000
 1020  9184 1000
 1020  9388 1000
 1020  9592 1000
 1020  9796 1000
 1020 10000 1000
 1224     0 1000
 1224   204 1000
 1224   408 1000
 1224   612 1000
 1224   816 1000
 1224  1020 1000
 1224  1224 1000
 1224  1429 1000
 1224  1633 1000
 1224  1837 1000
 1224  2041 1000
 1224  2245 1000
 1224  2449 1000
 1224  2653 1000
 1224  2857 1000
 1224  3061 1000
 1224  3265 1000
 1224  3469 1000
 1224  3673 1000
 1224  3878 1000
 1224  4082 1000
 1224  4286 1000
 1224  4490 1000
 1224  4694 1000
 1224  4898 1000
 1224  5102 1000
 1224  5306 1000
 1224  5510 1000
 1224  5714 1000
 1224  5918 1000
 1224  6122 1000
 1224  6327 1000
 1224  6531 1000
 1224  6735 1000
 1224  6939 1000
 1224  7143 1000
 1224  7347 1000
 1224  7551 1000
 1224  7755 1000
 1224  7959 1000
 1224  8163 1000
 1224  8367 1000
 1224  8571 1000
 1224  8776 1000
 1224  8980 1000
 1224  9184 1000
 1224  9388 1000
 1224  9592 1000
 1224  9796 1000
 1224 10000 1000
 1429     0 1000
 1429   204 1000
 1429   408 1000
 1429   612 1000
 1429   816 1000
 1429  1020 1000
 1429  1224 1000
 1429  1429 1000
 1429  1633 1000
 1429  1837 1000
 1429  2041 1000
 1429  2245 1000
 1429  2449 1000
 1429  2653 1000
 1429  2857 1000
 1429  3061 1000
 1429  3265 1000
 1429  3469 1000
 1429  3673 1000
 1429  3878 1000
 1429  4082 1000
 1429  4286 1000
 1429  4490 1000
 1429  4694 1000
 1429  4898 1000
 1429  5102 1000
 1429  5306 1000
 1429  5510 1000
 1429  5714 1000
 1429  5918 1000
 1429  6122 1000
 1429  6327 1000
 1429  6531 1000
 1429  6735 1000
 1429  6939 1000
 1429  7143 1000
 1429  7347 1000
 1429  7551 1000
 1429  7755 1000
 1429  7959 1000
 1429  8163 1000
 1429  8367 1000
 1429  8571 1000
 1429  8776 1000
 1429  8980 1000
 1429  9184 1000
 1429  9388 1000
 1429  9592 1000
 1429  9796 1000
 1429 10000 1000
 1633     0 1000
 1633   204 1000
 1633   408 1000
 1633   612 1000
 1633   816 1000
 1633  1020 1000
 1633  1224 1000
 1633  1429 1000
 1633  1633 1000
 1633  1837 1000
 1633  2041 1000
 1633  2245 1000
 1633  2449 1000
 1633  2653 1000
 1633  2857 1000
 1633  3061 1000
 1633  3265 1000
 1633  3469 1000
 1633  3673 1000
 1633  3878 1000
 1633  4082 1000
 1633  4286 1000
 1633  4490 1000
 1633  4694 1000
 1633  4898 1000
 1633  5102 1000
 1633  5306 1000
 1633  5510 1000
 1633  5714 1000
 1633  5918 1000
 1633  6122 1000
 1633  6327 1000
 1633  6531 1000
 1633  6735 1000
 1633  6939 1000
 1633  7143 1000
 1633  7347 1000
 1633  7551 1000
 1633  7755 1000
 1633  7959 1000
 1633  8163 1000
 1633  8367 1000
 1633  8571 1000
 1633  8776 1000
 1633  8980 1000
 1633  9184 1000
 1633  9388 1000
 1633  9592 1000
 1633  9796 1000
 1633 10000 1000
 1837     0 1000
 1837   204 1000
 1837   408 1000
 1837   612 1000
 1837   816 1000
 1837  1020 1000
 1837  1224 1000
 1837  1429 1000
 1837  1633 1000
 1837  1837 1000
 1837  2041 1000
 1837  2245 1000
 1837  2449 1000
 1837  2653 1000
 1837  2857 1000
 1837  3061 1000
 1837  3265 1000
 1837  3469 1000
 1837  3673 1000
 1837  3878 1000
 1837  4082 1000
 1837  4286 1000
 1837  4490 1000
 1837  4694 1000
 1837  4898 1000
 1837  5102 1000
 1837  5306 1000
 1837  5510 1000
 1837  5714 1000
 1837  5918 1000
 1837  6122 1000
 1837  6327 1000
 1837  6531 1000
 1837  6735 1000
 1837  6939 1000
 1837  7143 1000
 1837  7347 1000
 1837  7551 1000
 1837  7755 1000
 1837  7959 1000
 1837  8163 1000
 1837  8367 1000
 1837  8571 1000
 1837  8776 1000
 1837  8980 1000
 1837  9184 1000
 1837  9388 1000
 1837  9592 1000
 1837  9796 1000
 1837 10000 1000
 2041     0 1000
 2041   204 1000
 2041   408 1000
 2041   612 1000
 2041   816 1000
 2041  1020 1000
 2041  1224 1000
 2041  1429 1000
 2041  1633 1000
 2041  1837 1000
 2041  2041 1000
 2041  2245 1000
 2041  2449 1000
 2041  2653 1000
 2041  2857 1000
 2041  3061 1000
 2041  3265 1000
 2041  3469 1000
 2041  3673 1000
 2041  3878 1000
 2041  4082 1000
 2041  4286 1000
 2041  4490 1025.406
 2041  4694 1046.231
 2041  4898 1058.726
 2041  5102 1062.890
 2041  5306 1058.726
 2041  5510 1046.231
 2041  5714 1025.406
 2041  5918 1000
 2041  6122 1000
 2041  6327 1000
 2041  6531 1000
 2041  6735 1000
 2041  6939 1000
 2041  7143 1000
 2041  7347 1000
 2041  7551 1000
 2041  7755 1000
 2041  7959 1000
 2041  8163 1000
 2041  8367 1000
 2041  8571 1000
 2041  8776 1000
 2041  8980 1000
 2041  9184 1000
 2041  9388 1000
 2041  9592 1000
 2041  9796 1000
 2041 10000 1000
 2245     0 1000
 2245   204 1000
 2245   408 1000
 2245   612 1000
 2245   816 1000
 2245  1020 1000
 2245  1224 1000
 2245  1429 1000
 2245  1633 1000
 2245  1837 1000
 2245  2041 1000
 2245  2245 1000
 2245  2449 1000
 2245  2653 1000
 2245  2857 1000
 2245  3061 1000
 2245  3265 1000
 2245  3469 1000
 2245  3673 1000
 2245  3878 1033.736
 2245  4082 1079.550
 2245  4286 1117.035
 2245  4490 1146.189
 2245  4694 1167.014
 2245  4898 1179.509
 2245  5102 1183.673
 2245  5306 1179.509
 2245  5510 1167.014
 2245  5714 1146.189
 2245  5918 1117.035
 2245  6122 1079.550
 2245  6327 1033.736
 2245  6531 1000
 2245  6735 1000
 2245  6939 1000
 2245  7143 1000
 2245  7347 1000
 2245  7551 1000
 2245  7755 1000
 2245  7959 1000
 2245  8163 1000
 2245  8367 1000
 2245  8571 1000
 2245  8776 1000
 2245  8980 1000
 2245  9184 1000
 2245  9388 1000
 2245  9592 1000
 2245  9796 1000
 2245 10000 1000
 2449     0 1000
 2449   204 1000
 2449   408 1000
 2449   612 1000
 2449   816 1000
 2449  1020 1000
 2449  1224 1000
 2449  1429 1000
 2449  1633 1000
 2449  1837 1000
 2449  2041 1000
 2449  2245 1000
 2449  2449 1000
 2449  2653 1000
 2449  2857 1000
 2449  3061 1000
 2449  3265 1000
 2449  3469 1029.571
 2449  3673 1092.045
 2449  3878 1146.189
 2449  4082 1192.003
 2449  4286 1229.488
 2449  4490 1258.642
 2449  4694 1279.467
 2449  4898 1291.962
 2449  5102 1296.127
 2449  5306 1291.962
 2449  5510 1279.467
 2449  5714 1258.642
 2449  5918 1229.488
 2449  6122 1192.003
 2449  6327 1146.189
 2449  6531 1092.045
 2449  6735 1029.571
 2449  6939 1000
 2449  7143 1000
 2449  7347 1000
 2449  7551 1000
 2449  7755 1000
 2449  7959 1000
 2449  8163 1000
 2449  8367 1000
 2449  8571 1000
 2449  8776 1000
 2449  8980 1000
 2449  9184 1000
 2449  9388 1000
 2449  9592 1000
 2449  9796 1000
 2449 10000 1000
 2653     0 1000
 2653   204 1000
 2653   408 1000
 2653   612 1000
 2653   816 1000
 2653  1020 1000
 2653  1224 1000
 2653  1429 1000
 2653  1633 1000
 2653  1837 1000
 2653  2041 1000
 2653  2245 1000
 2653  2449 1000
 2653  2653 1000
 2653  2857 1000
 2653  3061 1000
 2653  3265 1062.890
 2653  3469 1133.694
 2653  3673 1196.168
 2653  3878 1250.312
 2653  4082 1296.127
 2653  4286 1333.611
 2653  4490 1362.766
 2653  4694 1383.590
 2653  4898 1396.085
 2653  5102 1400.250
 2653  5306 1396.085
 2653  5510 1383.590
 2653  5714 1362.766
 2653  5918 1333.611
 2653  6122 1296.127
 2653  6327 1250.312
 2653  6531 1196.168
 2653  6735 1133.694
 2653  6939 1062.890
 2653  7143 1000
 2653  7347 1000
 2653  7551 1000
 2653  7755 1000
 2653  7959 1000
 2653  8163 1000
 2653  8367 1000
 2653  8571 1000
 2653  8776 1000
 2653  8980 1000
 2653  9184 1000
 2653  9388 1000
 2653  9592 1000
 2653  9796 1000
 2653 10000 1000
 2857     0 1000
 2857   204 1000
 2857   408 1000
 2857   612 1000
 2857   816 1000
 2857  1020 1000
 2857  1224 1000
 2857  1429 1000
 2857  1633 1000
 2857  1837 1000
 2857  2041 1000
 2857  2245 1000
 2857  2449 1000
 2857  2653 1000
 2857  2857 1000
 2857  3061 1079.550
 2857  3265 1158.684
 2857  3469 1229.488
 2857  3673 1291.962
 2857  3878 1346.106
 2857  4082 1391.920
 2857  4286 1429.404
 2857  4490 1458.559
 2857  4694 1479.384
 2857  4898 1491.878
 2857  5102 1496.043
 2857  5306 1491.878
 2857  5510 1479.384
 2857  5714 1458.559
 2857  5918 1429.404
 2857  6122 1391.920
 2857  6327 1346.106
 2857  6531 1291.962
 2857  6735 1229.488
 2857  6939 1158.684
 2857  7143 1079.550
 2857  7347 1000
 2857  7551 1000
 2857  7755 1000
 2857  7959 1000
 2857  8163 1000
 2857  8367 1000
 2857  8571 1000
 2857  8776 1000
 2857  8980 1000
 2857  9184 1000
 2857  9388 1000
 2857  9592 1000
 2857  9796 1000
 2857 10000 1000
 3061     0 1000
 3061   204 1000
 3061   408 1000
 3061   612 1000
 3061   816 1000
 3061  1020 1000
 3061  1224 1000
 3061  1429 1000
 3061  1633 1000
 3061  1837 1000
 3061  2041 1000
 3061  2245 1000
 3061  2449 1000
 3061  2653 1000
 3061  2857 1079.550
 3061  3061 1167.014
 3061  3265 1246.147
 3061  3469 1316.951
 3061  3673 1379.425
 3061  3878 1433.569
 3061  4082 1479.384
 3061  4286 1516.868
 3061  4490 1546.022
 3061  4694 1566.847
 3061  4898 1579.342
 3061  5102 1583.507
 3061  5306 1579.342
 3061  5510 1566.847
 3061  5714 1546.022
 3061  5918 1516.868
 3061  6122 1479.384
 3061  6327 1433.569
 3061  6531 1379.425
 3061  6735 1316.951
 3061  6939 1246.147
 3061  7143 1167.014
 3061  7347 1079.550
 3061  7551 1000
 3061  7755 1000
 3061  7959 1000
 3061  8163 1000
 3061  8367 1000
 3061  8571 1000
 3061  8776 1000
 3061  8980 1000
 3061  9184 1000
 3061  9388 1000
 3061  9592 1000
 3061  9796 1000
 3061 10000 1000
 3265     0 1000
 3265   204 1000
 3265   408 1000
 3265   612 1000
 3265   816 1000
 3265  1020 1000
 3265  1224 1000
 3265  1429 1000
 3265  1633 1000
 3265  1837 1000
 3265  2041 1000
 3265  2245 1000
 3265  2449 1000
 3265  2653 1062.890
 3265  2857 1158.684
 3265  3061 1246.147
 3265  3265 1325.281
 3265  3469 1396.085
 3265  3673 1458.559
 3265  3878 1512.703
 3265  4082 1558.517
 3265  4286 1596.002
 3265  4490 1625.156
 3265  4694 1645.981
 3265  4898 1658.476
 3265  5102 1662.641
 3265  5306 1658.476
 3265  5510 1645.981
 3265  5714 1625.156
 3265  5918 1596.002
 3265  6122 1558.517
 3265  6327 1512.703
 3265  6531 1458.559
 3265  6735 1396.085
 3265  6939 1325.281
 3265  7143 1246.147
 3265  7347 1158.684
 3265  7551 1062.890
 3265  7755 1000
 3265  7959 1000
 3265  8163 1000
 3265  8367 1000
 3265  8571 1000
 3265  8776 1000
 3265  8980 1000
 3265  9184 1000
 3265  9388 1000
 3265  9592 1000
 3265  9796 1000
 3265 10000 1000
 3469     0 1000
 3469   204 1000
 3469   408 1000
 3469   612 1000
 3469   816 1000
 3469  1020 1000
 3469  1224 1000
 3469  1429 1000
 3469  1633 1000
 3469  1837 1000
 3469  2041 1000
 3469  2245 1000
 3469  2449 1029.571
 3469  2653 1133.694
 3469  2857 1229.488
 3469  3061 1316.951
 3469  3265 1396.085
 3469  3469 1466.889
 3469  3673 1529.363
 3469  3878 1583.507
 3469  4082 1629.321
 3469  4286 1666.805
 3469  4490 1695.960
 3469  4694 1716.785
 3469  4898 1729.279
 3469  5102 1733.444
 3469  5306 1729.279
 3469  5510 1716.785
 3469  5714 1695.960
 3469  5918 1666.805
 3469  6122 1629.321
 3469  6327 1583.507
 3469  6531 1529.363
 3469  6735 1466.889
 3469  6939 1396.085
 3469  7143 1316.951
 3469  7347 1229.488
 3469  7551 1133.694
 3469  7755 1029.571
 3469  7959 1000
 3469  8163 1000
 3469  8367 1000
 3469  8571 1000
 3469  8776 1000
 3469  8980 1000
 3469  9184 1000
 3469  9388 1000
 3469  9592 1000
 3469  9796 1000
 3469 10000 1000
 3673     0 1000
 3673   204 1000
 3673   408 1000
 3673   612 1000
 3673   816 1000
 3673  1020 1000
 3673  1224 1000
 3673  1429 1000
 3673  1633 1000
 3673  1837 1000
 3673  2041 1000
 3673  2245 1000
 3673  2449 1092.045
 3673  2653 1196.168
 3673  2857 1291.962
 3673  3061 1379.425
 3673  3265 1458.559
 3673  3469 1529.363
 3673  3673 1591.837
 3673  3878 1645.981
 3673  4082 1691.795
 3673  4286 1729.279
 3673  4490 1758.434
 3673  4694 1779.259
 3673  4898 1791.753
 3673  5102 1795.918
 3673  5306 1791.753
 3673  5510 1779.259
 3673  5714 1758.434
 3673  5918 1729.279
 3673  6122 1691.795
 3673  6327 1645.981
 3673  6531 1591.837
 3673  6735 1529.363
 3673  6939 1458.559
 3673  7143 1379.425
 3673  7347 1291.962
 3673  7551 1196.168
 3673  7755 1092.045
 3673  7959 1000
 3673  8163 1000
 3673  8367 1000
 3673  8571 1000
 3673  8776 1000
 3673  8980 1000
 3673  9184 1000
 3673  9388 1000
 3673  9592 1000
 3673  9796 1000
 3673 10000 1000
 3878     0 1000
 3878   204 1000
 3878   408 1000
 3878   612 1000
 3878   816 1000
 3878  1020 1000
 3878  1224 1000
 3878  1429 1000
 3878  1633 1000
 3878  1837 1000
 3878  2041 1000
 3878  2245 1033.736
 3878  2449 1146.189
 3878  2653 1250.312
 3878  2857 1346.106
 3878  3061 1433.569
 3878  3265 1512.703
 3878  3469 1583.507
 3878  3673 1645.981
 3878  3878 1700.125
 3878  4082 1745.939
 3878  4286 1783.424
 3878  4490 1812.578
 3878  4694 1833.403
 3878  4898 1845.898
 3878  5102 1850.062
 3878  5306 1845.898
 3878  5510 1833.403
 3878  5714 1812.578
 3878  5918 1783.424
 3878  6122 1745.939
 3878  6327 1700.125
 3878  6531 1645.981
 3878  6735 1583.507
 3878  6939 1512.703
 3878  7143 1433.569
 3878  7347 1346.106
 3878  7551 1250.312
 3878  7755 1146.189
 3878  7959 1033.736
 3878  8163 1000
 3878  8367 1000
 3878  8571 1000
 3878  8776 1000
 3878  8980 1000
 3878  9184 1000
 3878  9388 1000
 3878  9592 1000
 3878  9796 1000
 3878 10000 1000
 4082     0 1000
 4082   204 1000
 4082   408 1000
 4082   612 1000
 4082   816 1000
 4082  1020 1000
 4082  1224 1000
 4082  1429 1000
 4082  1633 1000
 4082  1837 1000
 4082  2041 1000
 4082  2245 1079.550
 4082  2449 1192.003
 4082  2653 1296.127
 4082  2857 1391.920
 4082  3061 1479.384
 4082  3265 1558.517
 4082  3469 1629.321
 4082  3673 1691.795
 4082  3878 1745.939
 4082  4082 1791.753
 4082  4286 1829.238
 4082  4490 1858.392
 4082  4694 1879.217
 4082  4898 1891.712
 4082  5102 1895.877
 4082  5306 1891.712
 4082  5510 1879.217
 4082  5714 1858.392
 4082  5918 1829.238
 4082  6122 1791.753
 4082  6327 1745.939
 4082  6531 1691.795
 4082  6735 1629.321
 4082  6939 1558.517
 4082  7143 1479.384
 4082  7347 1391.920
 4082  7551 1296.127
 4082  7755 1192.003
 4082  7959 1079.550
 4082  8163 1000
 4082  8367 1000
 4082  8571 1000
 4082  8776 1000
 4082  8980 1000
 4082  9184 1000
 4082  9388 1000
 4082  9592 1000
 4082  9796 1000
 4082 10000 1000
 4286     0 1000
 4286   204 1000
 4286   408 1000
 4286   612 1000
 4286   816 1000
 4286  1020 1000
 4286  1224 1000
 4286  1429 1000
 4286  1633 1000
 4286  1837 1000
 4286  2041 1000
 4286  2245 1117.035
 4286  2449 1229.488
 4286  2653 1333.611
 4286  2857 1429.404
 4286  3061 1516.868
 4286  3265 1596.002
 4286  3469 1666.805
 4286  3673 1729.279
 4286  3878 1783.424
 4286  4082 1829.238
 4286  4286 1866.722
 4286  4490 1895.877
 4286  4694 1916.701
 4286  4898 1929.196
 4286  5102 1933.361
 4286  5306 1929.196
 4286  5510 1916.701
 4286  5714 1895.877
 4286  5918 1866.722
 4286  6122 1829.238
 4286  6327 1783.424
 4286  6531 1729.279
 4286  6735 1666.805
 4286  6939 1596.002
 4286  7143 1516.868
 4286  7347 1429.404
 4286  7551 1333.611
 4286  7755 1229.488
 4286  7959 1117.035
 4286  8163 1000
 4286  8367 1000
 4286  8571 1000
 4286  8776 1000
 4286  8980 1000
 4286  9184 1000
 4286  9388 1000
 4286  9592 1000
 4286  9796 1000
 4286 10000 1000
 4490     0 1000
 4490   204 1000
 4490   408 1000
 4490   612 1000
 4490   816 1000
 4490  1020 1000
 4490  1224 1000
 4490  1429 1000
 4490  1633 1000
 4490  1837 1000
 4490  2041 1025.406
 4490  2245 1146.189
 4490  2449 1258.642
 4490  2653 1362.766
 4490  2857 1458.559
 4490  3061 1546.022
 4490  3265 1625.156
 4490  3469 1695.960
 4490  3673 1758.434
 4490  3878 1812.578
 4490  4082 1858.392
 4490  4286 1895.877
 4490  4490 1925.031
 4490  4694 1945.856
 4490  4898 1958.351
 4490  5102 1962.516
 4490  5306 1958.351
 4490  5510 1945.856
 4490  5714 1925.031
 4490  5918 1895.877
 4490  6122 1858.392
 4490  6327 1812.578
 4490  6531 1758.434
 4490  6735 1695.960
 4490  6939 1625.156
 4490  7143 1546.022
 4490  7347 1458.559
 4490  7551 1362.766
 4490  7755 1258.642
 4490  7959 1146.189
 4490  8163 1025.406
 4490  8367 1000
 4490  8571 1000
 4490  8776 1000
 4490  8980 1000
 4490  9184 1000
 4490  9388 1000
 4490  9592 1000
 4490  9796 1000
 4490 10000 1000
 4694     0 1000
 4694   204 1000
 4694   408 1000
 4694   612 1000
 4694   816 1000
 4694  1020 1000
 4694  1224 1000
 4694  1429 1000
 4694  1633 1000
 4694  1837 1000
 4694  2041 1046.231
 4694  2245 1167.014
 4694  2449 1279.467
 4694  2653 1383.590
 4694  2857 1479.384
 4694  3061 1566.847
 4694  3265 1645.981
 4694  3469 1716.785
 4694  3673 1779.259
 4694  3878 1833.403
 4694  4082 1879.217
 4694  4286 1916.701
 4694  4490 1945.856
 4694  4694 1966.681
 4694  4898 1979.175
 4694  5102 1983.340
 4694  5306 1979.175
 4694  5510 1966.681
 4694  5714 1945.856
 4694  5918 1916.701
 4694  6122 1879.217
 4694  6327 1833.403
 4694  6531 1779.259
 4694  6735 1716.785
 4694  6939 1645.981
 4694  7143 1566.847
 4694  7347 1479.384
 4694  7551 1383.590
 4694  7755 1279.467
 4694  7959 1167.014
 4694  8163 1046.231
 4694  8367 1000
 4694  8571 1000
 4694  8776 1000
 4694  8980 1000
 4694  9184 1000
 4694  9388 1000
 4694  9592 1000
 4694  9796 1000
 4694 10000 1000
 4898     0 1000
 4898   204 1000
 4898   408 1000
 4898   612 1000
 4898   816 1000
 4898  1020 1000
 4898  1224 1000
 4898  1429 1000
 4898  1633 1000
 4898  1837 1000
 4898  2041 1058.726
 4898  2245 1179.509
 4898  2449 1291.962
 4898  2653 1396.085
 4898  2857 1491.878
 4898  3061 1579.342
 4898  3265 1658.476
 4898  3469 1729.279
 4898  3673 1791.753
 4898  3878 1845.898
 4898  4082 1891.712
 4898  4286 1929.196
 4898  4490 1958.351
 4898  4694 1979.175
 4898  4898 1991.670
 4898  5102 1995.835
 4898  5306 1991.670
 4898  5510 1979.175
 4898  5714 1958.351
 4898  5918 1929.196
 4898  6122 1891.712
 4898  6327 1845.898
 4898  6531 1791.753
 4898  6735 1729.279
 4898  6939 1658.476
 4898  7143 1579.342
 4898  7347 1491.878
 4898  7551 1396.085
 4898  7755 1291.962
 4898  7959 1179.509
 4898  8163 1058.726
 4898  8367 1000
 4898  8571 1000
 4898  8776 1000
 4898  8980 1000
 4898  9184 1000
 4898  9388 1000
 4898  9592 1000
 4898  9796 1000
 4898 10000 1000
 5102     0 1000
 5102   204 1000
 5102   408 1000
 5102   612 1000
 5102   816 1000
 5102  1020 1000
 5102  1224 1000
 5102  1429 1000
 5102  1633 1000
 5102  1837 1000
 5102  2041 1062.890
 5102  2245 1183.673
 5102  2449 1296.127
 5102  2653 1400.250
 5102  2857 1496.043
 5102  3061 1583.507
 5102  3265 1662.641
 5102  3469 1733.444
 5102  3673 1795.918
 5102  3878 1850.062
 5102  4082 1895.877
 5102  4286 1933.361
 5102  4490 1962.516
 5102  4694 1983.340
 5102  4898 1995.835
 5102  5102 2000.000
 5102  5306 1995.835
 5102  5510 1983.340
 5102  5714 1962.516
 5102  5918 1933.361
 5102  6122 1895.877
 5102  6327 1850.062
 5102  6531 1795.918
 5102  6735 1733.444
 5102  6939 1662.641
 5102  7143 1583.507
 5102  7347 1496.043
 5102  7551 1400.250
 5102  7755 1296.127
 5102  7959 1183.673
 5102  8163 1062.890
 5102  8367 1000
 5102  8571 1000
 5102  8776 1000
 5102  8980 1000
 5102  9184 1000
 5102  9388 1000
 5102  9592 1000
 5102  9796 1000
 5102 10000 1000
 5306     0 1000
 5306   204 1000
 5306   408 1000
 5306   612 1000
 5306   816 1000
 5306  1020 1000
 5306  1224 1000
 5306  1429 1000
 5306  1633 1000
 5306  1837 1000
 5306  2041 1058.726
 5306  2245 1179.509
 5306  2449 1291.962
 5306  2653 1396.085
 5306  2857 1491.878
 5306  3061 1579.342
 5306  3265 1658.476
 5306  3469 1729.279
 5306  3673 1791.753
 5306  3878 1845.898
 5306  4082 1891.712
 5306  4286 1929.196
 5306  4490 1958.351
 5306  4694 1979.175
 5306  4898 1991.670
 5306  5102 1995.835
 5306  5306 1991.670
 5306  5510 1979.175
 5306  5714 1958.351
 5306  5918 1929.196
 5306  6122 1891.712
 5306  6327 1845.898
 5306  6531 1791.753
 5306  6735 1729.279
 5306  6939 1658.476
 5306  7143 1579.342
 5306  7347 1491.878
 5306  7551 1396.085
 5306  7755 1291.962
 5306  7959 1179.509
 5306  8163 1058.726
 5306  8367 1000
 5306  8571 1000
 5306  8776 1000
 5306  8980 1000
 5306  9184 1000
 5306  9388 1000
 5306  9592 1000
 5306  9796 1000
 5306 10000 1000
 5510     0 1000
 5510   204 1000
 5510   408 1000
 5510   612 1000
 5510   816 1000
 5510  1020 1000
 5510  1224 1000
 5510  1429 1000
 5510  1633 1000
 5510  1837 1000
 5510  2041 1046.231
 5510  2245 1167.014
 5510  2449 1279.467
 5510  2653 1383.590
 5510  2857 1479.384
 5510  3061 1566.847
 5510  3265 1645.981
 5510  3469 1716.785
 5510  3673 1779.259
 5510  3878 1833.403
 5510  4082 1879.217
 5510  4286 1916.701
 5510  4490 1945.856
 5510  4694 1966.681
 5510  4898 1979.175
 5510  5102 1983.340
 5510  5306 1979.175
 5510  5510 1966.681
 5510  5714 1945.856
 5510  5918 1916.701
 5510  6122 1879.217
 5510  6327 1833.403
 5510  6531 1779.259
 5510  6735 1716.785
 5510  6939 1645.981
 5510  7143 1566.847
 5510  7347 1479.384
 5510  7551 1383.590
 5510  7755 1279.467
 5510  7959 1167.014
 5510  8163 1046.231
 5510  8367 1000
 5510  8571 1000
 5510  8776 1000
 5510  8980 1000
 5510  9184 1000
 5510  9388 1000
 5510  9592 1000
 5510  9796 1000
 5510 10000 1000
 5714     0 1000
 5714   204 1000
 5714   408 1000
 5714   612 1000
 5714   816 1000
 5714  1020 1000
 5714  1224 1000
 5714  1429 1000
 5714  1633 1000
 5714  1837 1000
 5714  2041 1025.406
 5714  2245 1146.189
 5714  2449 1258.642
 5714  2653 1362.766
 5714  2857 1458.559
 5714  3061 1546.022
 5714  3265 1625.156
 5714  3469 1695.960
 5714  3673 1758.434
 5714  3878 1812.578
 5714  4082 1858.392
 5714  4286 1895.877
 5714  4490 1925.031
 5714  4694 1945.856
 5714  4898 1958.351
 5714  5102 1962.516
 5714  5306 1958.351
 5714  5510 1945.856
 5714  5714 1925.031
 5714  5918 1895.877
 5714  6122 1858.392
 5714  6327 1812.578
 5714  6531 1758.434
 5714  6735 1695.960
 5714  6939 1625.156
 5714  7143 1546.022
 5714  7347 1458.559
 5714  7551 1362.766
 5714  7755 1258.642
 5714  7959 1146.189
 5714  8163 1025.406
 5714  8367 1000
 5714  8571 1000
 5714  8776 1000
 5714  8980 1000
 5714  9184 1000
 5714  9388 1000
 5714  9592 1000
 5714  9796 1000
 5714 10000 1000
 5918     0 1000
 5918   204 1000
 5918   408 1000
 5918   612 1000
 5918   816 1000
 5918  1020 1000
 5918  1224 1000
 5918  1429 1000
 5918  1633 1000
 5918  1837 1000
 5918  2041 1000
 5918  2245 1117.035
 5918  2449 1229.488
 5918  2653 1333.611
 5918  2857 1429.404
 5918  3061 1516.868
 5918  3265 1596.002
 5918  3469 1666.805
 5918  3673 1729.279
 5918  3878 1783.424
 5918  4082 1829.238
 5918  4286 1866.722
 5918  4490 1895.877
 5918  4694 1916.701
 5918  4898 1929.196
 5918  5102 1933.361
 5918  5306 1929.196
 5918  5510 1916.701
 5918  5714 1895.877
 5918  5918 1866.722
 5918  6122 1829.238
 5918  6327 1783.424
 5918  6531 1729.279
 5918  6735 1666.805
 5918  6939 1596.002
 5918  7143 1516.868
 5918  7347 1429.404
 5918  7551 1333.611
 5918  7755 1229.488
 5918  7959 1117.035
 5918  8163 1000
 5918  8367 1000
 5918  8571 1000
 5918  8776 1000
 5918  8980 1000
 5918  9184 1000
 5918  9388 1000
 5918  9592 1000
 5918  9796 1000
 5918 10000 1000
 6122     0 1000
 6122   204 1000
 6122   408 1000
 6122   612 1000
 6122   816 1000
 6122  1020 1000
 6122  1224 1000
 6122  1429 1000
 6122  1633 1000
 6122  1837 1000
 6122  2041 1000
 6122  2245 1079.550
 6122  2449 1192.003
 6122  2653 1296.127
 6122  2857 1391.920
 6122  3061 1479.384
 6122  3265 1558.517
 6122  3469 1629.321
 6122  3673 1691.795
 6122  3878 1745.939
 6122  4082 1791.753
 6122  4286 1829.238
 6122  4490 1858.392
 6122  4694 1879.217
 6122  4898 1891.712
 6122  5102 1895.877
 6122  5306 1891.712
 6122  5510 1879.217
 6122  5714 1858.392
 6122  5918 1829.238
 6122  6122 1791.753
 6122  6327 1745.939
 6122  6531 1691.795
 6122  6735 1629.321
 6122  6939 1558.517
 6122  7143 1479.384
 6122  7347 1391.920
 6122  7551 1296.127
 6122  7755 1192.003
 6122  7959 1079.550
 6122  8163 1000
 6122  8367 1000
 6122  8571 1000
 6122  8776 1000
 6122  8980 1000
 6122  9184 1000
 6122  9388 1000
 6122  9592 1000
 6122  9796 1000
 6122 10000 1000
 6327     0 1000
 6327   204 1000
 6327   408 1000
 6327   612 1000
 6327   816 1000
 6327  1020 1000
 6327  1224 1000
 6327  1429 1000
 6327  1633 1000
 6327  1837 1000
 6327  2041 1000
 6327  2245 1033.736
 6327  2449 1146.189
 6327  2653 1250.312
 6327  2857 1346.106
 6327  3061 1433.569
 6327  3265 1512.703
 6327  3469 1583.507
 6327  3673 1645.981
 6327  3878 1700.125
 6327  4082 1745.939
 6327  4286 1783.424
 6327  4490 1812.578
 6327  4694 1833.403
 6327  4898 1845.898
 6327  5102 1850.062
 6327  5306 1845.898
 6327  5510 1833.403
 6327  5714 1812.578
 6327  5918 1783.424
 6327  6122 1745.939
 6327  6327 1700.125
 6327  6531 1645.981
 6327  6735 1583.507
 6327  6939 1512.703
 6327  7143 1433.569
 6327  7347 1346.106
 6327  7551 1250.312
 6327  7755 1146.189
 6327  7959 1033.736
 6327  8163 1000
 6327  8367 1000
 6327  8571 1000
 6327  8776 1000
 6327  8980 1000
 6327  9184 1000
 6327  9388 1000
 6327  9592 1000
 6327  9796 1000
 6327 10000 1000
 6531     0 1000
 6531   204 1000
 6531   408 1000
 6531   612 1000
 6531   816 1000
 6531  1020 1000
 6531  1224 1000
 6531  1429 1000
 6531  1633 1000
 6531  1837 1000
 6531  2041 1000
 6531  2245 1000
 6531  2449 1092.045
 6531  2653 1196.168
 6531  2857 1291.962
 6531  3061 1379.425
 6531  3265 1458.559
 6531  3469 1529.363
 6531  3673 1591.837
 6531  3878 1645.981
 6531  4082 1691.795
 6531  4286 1729.279
 6531  4490 1758.434
 6531  4694 1779.259
 6531  4898 1791.753
 6531  5102 1795.918
 6531  5306 1791.753
 6531  5510 1779.259
 6531  5714 1758.434
 6531  5918 1729.279
 6531  6122 1691.795
 6531  6327 1645.981
 6531  6531 1591.837
 6531  6735 1529.363
 6531  6939 1458.559
 6531  7143 1379.425
 6531  7347 1291.962
 6531  7551 1196.168
 6531  7755 1092.045
 6531  7959 1000
 6531  8163 1000
 6531  8367 1000
 6531  8571 1000
 6531  8776 1000
 6531  8980 1000
 6531  9184 1000
 6531  9388 1000
 6531  9592 1000
 6531  9796 1000
 6531 10000 1000
 6735     0 1000
 6735   204 1000
 6735   408 1000
 6735   612 1000
 6735   816 1000
 6735  1020 1000
 6735  1224 1000
 6735  1429 1000
 6735  1633 1000
 6735  1837 1000
 6735  2041 1000
 6735  2245 1000
 6735  2449 1029.571
 6735  2653 1133.694
 6735  2857 1229.488
 6735  3061 1316.951
 6735  3265 1396.085
 6735  3469 1466.889
 6735  3673 1529.363
 6735  3878 1583.507
 6735  4082 1629.321
 6735  4286 1666.805
 6735  4490 1695.960
 6735  4694 1716.785
 6735  4898 1729.279
 6735  5102 1733.444
 6735  5306 1729.279
 6735  5510 1716.785
 6735  5714 1695.960
 6735  5918 1666.805
 6735  6122 1629.321
 6735  6327 1583.507
 6735  6531 1529.363
 6735  6735 1466.889
 6735  6939 1396.085
 6735  7143 1316.951
 6735  7347 1229.488
 6735  7551 1133.694
 6735  7755 1029.571
 6735  7959 1000
 6735  8163 1000
 6735  8367 1000
 6735  8571 1000
 6735  8776 1000
 6735  8980 1000
 6735  9184 1000
 6735  9388 1000
 6735  9592 1000
 6735  9796 1000
 6735 10000 1000
 6939     0 1000
 6939   204 1000
 6939   408 1000
 6939   612 1000
 6939   816 1000
 6939  1020 1000
 6939  1224 1000
 6939  1429 1000
 6939  1633 1000
 6939  1837 1000
 6939  2041 1000
 6939  2245 1000
 6939  2449 1000
 6939  2653 1062.890
 6939  2857 1158.684
 6939  3061 1246.147
 6939  3265 1325.281
 6939  3469 1396.085
 6939  3673 1458.559
 6939  3878 1512.703
 6939  4082 1558.517
 6939  4286 1596.002
 6939  4490 1625.156
 6939  4694 1645.981
 6939  4898 1658.476
 6939  5102 1662.641
 6939  5306 1658.476
 6939  5510 1645.981
 6939  5714 1625.156
 6939  5918 1596.002
 6939  6122 1558.517
 6939  6327 1512.703
 6939  6531 1458.559
 6939  6735 1396.085
 6939  6939 1325.281
 6939  7143 1246.147
 6939  7347 1158.684
 6939  7551 1062.890
 6939  7755 1000
 6939  7959 1000
 6939  8163 1000
 6939  8367 1000
 6939  8571 1000
 6939  8776 1000
 6939  8980 1000
 6939  9184 1000
 6939  9388 1000
 6939  9592 1000
 6939  9796 1000
 6939 10000 1000
 7143     0 1000
 7143   204 1000
 7143   408 1000
 7143   612 1000
 7143   816 1000
 7143  1020 1000
 7143  1224 1000
 7143  1429 1000
 7143  1633 1000
 7143  1837 1000
 7143  2041 1000
 7143  2245 1000
 7143  2449 1000
 7143  2653 1000
 7143  2857 1079.550
 7143  3061 1167.014
 7143  3265 1246.147
 7143  3469 1316.951
 7143  3673 1379.425
 7143  3878 1433.569
 7143  4082 1479.384
 7143  4286 1516.868
 7143  4490 1546.022
 7143  4694 1566.847
 7143  4898 1579.342
 7143  5102 1583.507
 7143  5306 1579.342
 7143  5510 1566.847
 7143  5714 1546.022
 7143  5918 1516.868
 7143  6122 1479.384
 7143  6327 1433.569
 7143  6531 1379.425
 7143  6735 1316.951
 7143  6939 1246.147
 7143  7143 1167.014
 7143  7347 1079.550
 7143  7551 1000
 7143  7755 1000
 7143  7959 1000
 7143  8163 1000
 7143  8367 1000
 7143  8571 1000
 7143  8776 1000
 7143  8980 1000
 7143  9184 1000
 7143  9388 1000
 7143  9592 1000
 7143  9796 1000
 7143 10000 1000
 7347     0 1000
 7347   204 1000
 7347   408 1000
 7347   612 1000
 7347   816 1000
 7347  1020 1000
 7347  1224 1000
 7347  1429 1000
 7347  1633 1000
 7347  1837 1000
 7347  2041 1000
 7347  2245 1000
 7347  2449 1000
 7347  2653 1000
 7347  2857 1000
 7347  3061 1079.550
 7347  3265 1158.684
 7347  3469 1229.488
 7347  3673 1291.962
 7347  3878 1346.106
 7347  4082 1391.920
 7347  4286 1429.404
 7347  4490 1458.559
 7347  4694 1479.384
 7347  4898 1491.878
 7347  5102 1496.043
 7347  5306 1491.878
 7347  5510 1479.384
 7347  5714 1458.559
 7347  5918 1429.404
 7347  6122 1391.920
 7347  6327 1346.106
 7347  6531 1291.962
 7347  6735 1229.488
 7347  6939 1158.684
 7347  7143 1079.550
 7347  7347 1000
 7347  7551 1000
 7347  7755 1000
 7347  7959 1000
 7347  8163 1000
 7347  8367 1000
 7347  8571 1000
 7347  8776 1000
 7347  8980 1000
 7347  9184 1000
 7347  9388 1000
 7347  9592 1000
 7347  9796 1000
 7347 10000 1000
 7551     0 1000
 7551   204 1000
 7551   408 1000
 7551   612 1000
 7551   816 1000
 7551  1020 1000
 7551  1224 1000
 7551  1429 1000
 7551  1633 1000
 7551  1837 1000
 7551  2041 1000
 7551  2245 1000
 7551  2449 1000
 7551  2653 1000
 7551  2857 1000
 7551  3061 1000
 7551  3265 1062.890
 7551  3469 1133.694
 7551  3673 1196.168
 7551  3878 1250.312
 7551  4082 1296.127
 7551  4286 1333.611
 7551  4490 1362.766
 7551  4694 1383.590
 7551  4898 1396.085
 7551  5102 1400.250
 7551  5306 1396.085
 7551  5510 1383.590
 7551  5714 1362.766
 7551  5918 1333.611
 7551  6122 1296.127
 7551  6327 1250.312
 7551  6531 1196.168
 7551  6735 1133.694
 7551  6939 1062.890
 7551  7143 1000
 7551  7347 1000
 7551  7551 1000
 7551  7755 1000
 7551  7959 1000
 7551  8163 1000
 7551  8367 1000
 7551  8571 1000
 7551  8776 1000
 7551  8980 1000
 7551  9184 1000
 7551  9388 1000
 7551  9592 1000
 7551  9796 1000
 7551 10000 1000
 7755     0 1000
 7755   204 1000
 7755   408 1000
 7755   612 1000
 7755   816 1000
 7755  1020 1000
 7755  1224 1000
 7755  1429 1000
 7755  1633 1000
 7755  1837 1000
 7755  2041 1000
 7755  2245 1000
 7755  2449 1000
 7755  2653 1000
 7755  2857 1000
 7755  3061 1000
 7755  3265 1000
 7755  3469 1029.571
 7755  3673 1092.045
 7755  3878 1146.189
 7755  4082 1192.003
 7755  4286 1229.488
 7755  4490 1258.642
 7755  4694 1279.467
 7755  4898 1291.962
 7755  5102 1296.127
 7755  5306 1291.962
 7755  5510 1279.467
 7755  5714 1258.642
 7755  5918 1229.488
 7755  6122 1192.003
 7755  6327 1146.189
 7755  6531 1092.045
 7755  6735 1029.571
 7755  6939 1000
 7755  7143 1000
 7755  7347 1000
 7755  7551 1000
 7755  7755 1000
 7755  7959 1000
 7755  8163 1000
 7755  8367 1000
 7755  8571 1000
 7755  8776 1000
 7755  8980 1000
 7755  9184 1000
 7755  9388 1000
 7755  9592 1000
 7755  9796 1000
 7755 10000 1000
 7959     0 1000
 7959   204 1000
 7959   408 1000
 7959   612 1000
 7959   816 1000
 7959  1020 1000
 7959  1224 1000
 7959  1429 1000
 7959  1633 1000
 7959  1837 1000
 7959  2041 1000
 7959  2245 1000
 7959  2449 1000
 7959  2653 1000
 7959  2857 1000
 7959  3061 1000
 7959  3265 1000
 7959  3469 1000
 7959  3673 1000
 7959  3878 1033.736
 7959  4082 1079.550
 7959  4286 1117.035
 7959  4490 1146.189
 7959  4694 1167.014
 7959  4898 1179.509
 7959  5102 1183.673
 7959  5306 1179.509
 7959  5510 1167.014
 7959  5714 1146.189
 7959  5918 1117.035
 7959  6122 1079.550
 7959  6327 1033.736
 7959  6531 1000
 7959  6735 1000
 7959  6939 1000
 7959  7143 1000
 7959  7347 1000
 7959  7551 1000
 7959  7755 1000
 7959  7959 1000
 7959  8163 1000
 7959  8367 1000
 7959  8571 1000
 7959  8776 1000
 7959  8980 1000
 7959  9184 1000
 7959  9388 1000
 7959  9592 1000
 7959  9796 1000
 7959 10000 1000
 8163     0 1000
 8163   204 1000
 8163   408 1000
 8163   612 1000
 8163   816 1000
 8163  1020 1000
 8163  1224 1000
 8163  1429 1000
 8163  1633 1000
 8163  1837 1000
 8163  2041 1000
 8163  2245 1000
 8163  2449 1000
 8163  2653 1000
 8163  2857 1000
 8163  3061 1000
 8163  3265 1000
 8163  3469 1000
 8163  3673 1000
 8163  3878 1000
 8163  4082 1000
 8163  4286 1000
 8163  4490 1025.406
 8163  4694 1046.231
 8163  4898 1058.726
 8163  5102 1062.890
 8163  5306 1058.726
 8163  5510 1046.231
 8163  5714 1025.406
 8163  5918 1000
 8163  6122 1000
 8163  6327 1000
 8163  6531 1000
 8163  6735 1000
 8163  6939 1000
 8163  7143 1000
 8163  7347 1000
 8163  7551 1000
 8163  7755 1000
 8163  7959 1000
 8163  8163 1000
 8163  8367 1000
 8163  8571 1000
 8163  8776 1000
 8163  8980 1000
 8163  9184 1000
 8163  9388 1000
 8163  9592 1000
 8163  9796 1000
 8163 10000 1000
 8367     0 1000
 8367   204 1000
 8367   408 1000
 8367   612 1000
 8367   816 1000
 8367  1020 1000
 8367  1224 1000
 8367  1429 1000
 8367  1633 1000
 8367  1837 1000
 8367  2041 1000
 8367  2245 1000
 8367  2449 1000
 8367  2653 1000
 8367  2857 1000
 8367  3061 1000
 8367  3265 1000
 8367  3469 1000
 8367  3673 1000
 8367  3878 1000
 8367  4082 1000
 8367  4286 1000
 8367  4490 1000
 8367  4694 1000
 8367  4898 1000
 8367  5102 1000
 8367  5306 1000
 8367  5510 1000
 8367  5714 1000
 8367  5918 1000
 8367  6122 1000
 8367  6327 1000
 8367  6531 1000
 8367  6735 1000
 8367  6939 1000
 8367  7143 1000
 8367  7347 1000
 8367  7551 1000
 8367  7755 1000
 8367  7959 1000
 8367  8163 1000
 8367  8367 1000
 8367  8571 1000
 8367  8776 1000
 8367  8980 1000
 8367  9184 1000
 8367  9388 1000
 8367  9592 1000
 8367  9796 1000
 8367 10000 1000
 8571     0 1000
 8571   204 1000
 8571   408 1000
 8571   612 1000
 8571   816 1000
 8571  1020 1000
 8571  1224 1000
 8571  1429 1000
 8571  1633 1000
 8571  1837 1000
 8571  2041 1000
 8571  2245 1000
 8571  2449 1000
 8571  2653 1000
 8571  2857 1000
 8571  3061 1000
 8571  3265 1000
 8571  3469 1000
 8571  3673 1000
 8571  3878 1000
 8571  4082 1000
 8571  4286 1000
 8571  4490 1000
 8571  4694 1000
 8571  4898 1000
 8571  5102 1000
 8571  5306 1000
 8571  5510 1000
 8571  5714 1000
 8571  5918 1000
 8571  6122 1000
 8571  6327 1000
 8571  6531 1000
 8571  6735 1000
 8571  6939 1000
 8571  7143 1000
 8571  7347 1000
 8571  7551 1000
 8571  7755 1000
 8571  7959 1000
 8571  8163 1000
 8571  8367 1000
 8571  8571 1000
 8571  8776 1000
 8571  8980 1000
 8571  9184 1000
 8571  9388 1000
 8571  9592 1000
 8571  9796 1000
 8571 10000 1000
 8776     0 1000
 8776   204 1000
 8776   408 1000
 8776   612 1000
 8776   816 1000
 8776  1020 1000
 8776  1224 1000
 8776  1429 1000
 8776  1633 1000
 8776  1837 1000
 8776  2041 1000
 8776  2245 1000
 8776  2449 1000
 8776  2653 1000
 8776  2857 1000
 8776  3061 1000
 8776  3265 1000
 8776  3469 1000
 8776  3673 1000
 8776  3878 1000
 8776  4082 1000
 8776  4286 1000
 8776  4490 1000
 8776  4694 1000
 8776  4898 1000
 8776  5102 1000
 8776  5306 1000
 8776  5510 1000
 8776  5714 1000
 8776  5918 1000
 8776  6122 1000
 8776  6327 1000
 8776  6531 1000
 8776  6735 1000
 8776  6939 1000
 8776  7143 1000
 8776  7347 1000
 8776  7551 1000
 8776  7755 1000
 8776  7959 1000
 8776  8163 1000
 8776  8367 1000
 8776  8571 1000
 8776  8776 1000
 8776  8980 1000
 8776  9184 1000
 8776  9388 1000
 8776  9592 1000
 8776  9796 1000
 8776 10000 1000
 8980     0 1000
 8980   204 1000
 8980   408 1000
 8980   612 1000
 8980   816 1000
 8980  1020 1000
 8980  1224 1000
 8980  1429 1000
 8980  1633 1000
 8980  1837 1000
 8980  2041 1000
 8980  2245 1000
 8980  2449 1000
 8980  2653 1000
 8980  2857 1000
 8980  3061 1000
 8980  3265 1000
 8980  3469 1000
 8980  3673 1000
 8980  3878 1000
 8980  4082 1000
 8980  4286 1000
 8980  4490 1000
 8980  4694 1000
 8980  4898 1000
 8980  5102 1000
 8980  5306 1000
 8980  5510 1000
 8980  5714 1000
 8980  5918 1000
 8980  6122 1000
 8980  6327 1000
 8980  6531 1000
 8980  6735 1000
 8980  6939 1000
 8980  7143 1000
 8980  7347 1000
 8980  7551 1000
 8980  7755 1000
 8980  7959 1000
 8980  8163 1000
 8980  8367 1000
 8980  8571 1000
 8980  8776 1000
 8980  8980 1000
 8980  9184 1000
 8980  9388 1000
 8980  9592 1000
 8980  9796 1000
 8980 10000 1000
 9184     0 1000
 9184   204 1000
 9184   408 1000
 9184   612 1000
 9184   816 1000
 9184  1020 1000
 9184  1224 1000
 9184  1429 1000
 9184  1633 1000
 9184  1837 1000
 9184  2041 1000
 9184  2245 1000
 9184  2449 1000
 9184  2653 1000
 9184  2857 1000
 9184  3061 1000
 9184  3265 1000
 9184  3469 1000
 9184  3673 1000
 9184  3878 1000
 9184  4082 1000
 9184  4286 1000
 9184  4490 1000
 9184  4694 1000
 9184  4898 1000
 9184  5102 1000
 9184  5306 1000
 9184  5510 1000
 9184  5714 1000
 9184  5918 1000
 9184  6122 1000
 9184  6327 1000
 9184  6531 1000
 9184  6735 1000
 9184  6939 1000
 9184  7143 1000
 9184  7347 1000
 9184  7551 1000
 9184  7755 1000
 9184  7959 1000
 9184  8163 1000
 9184  8367 1000
 9184  8571 1000
 9184  8776 1000
 9184  8980 1000
 9184  9184 1000
 9184  9388 1000
 9184  9592 1000
 9184  9796 1000
 9184 10000 1000
 9388     0 1000
 9388   204 1000
 9388   408 1000
 9388   612 1000
 9388   816 1000
 9388  1020 1000
 9388  1224 1000
 9388  1429 1000
 9388  1633 1000
 9388  1837 1000
 9388  2041 1000
 9388  2245 1000
 9388  2449 1000
 9388  2653 1000
 9388  2857 1000
 9388  3061 1000
 9388  3265 1000
 9388  3469 1000
 9388  3673 1000
 9388  3878 1000
 9388  4082 1000
 9388  4286 1000
 9388  4490 1000
 9388  4694 1000
 9388  4898 1000
 9388  5102 1000
 9388  5306 1000
 9388  5510 1000
 9388  5714 1000
 9388  5918 1000
 9388  6122 1000
 9388  6327 1000
 9388  6531 1000
 9388  6735 1000
 9388  6939 1000
 9388  7143 1000
 9388  7347 1000
 9388  7551 1000
 9388  7755 1000
 9388  7959 1000
 9388  8163 1000
 9388  8367 1000
 9388  8571 1000
 9388  8776 1000
 9388  8980 1000
 9388  9184 1000
 9388  9388 1000
 9388  9592 1000
 9388  9796 1000
 9388 10000 1000
 9592     0 1000
 9592   204 1000
 9592   408 1000
 9592   612 1000
 9592   816 1000
 9592  1020 1000
 9592  1224 1000
 9592  1429 1000
 9592  1633 1000
 9592  1837 1000
 9592  2041 1000
 9592  2245 1000
 9592  2449 1000
 9592  2653 1000
 9592  2857 1000
 9592  3061 1000
 9592  3265 1000
 9592  3469 1000
 9592  3673 1000
 9592  3878 1000
 9592  4082 1000
 9592  4286 1000
 9592  4490 1000
 9592  4694 1000
 9592  4898 1000
 9592  5102 1000
 9592  5306 1000
 9592  5510 1000
 9592  5714 1000
 9592  5918 1000
 9592  6122 1000
 9592  6327 1000
 9592  6531 1000
 9592  6735 1000
 9592  6939 1000
 9592  7143 1000
 9592  7347 1000
 9592  7551 1000
 9592  7755 1000
 9592  7959 1000
 9592  8163 1000
 9592  8367 1000
 9592  8571 1000
 9592  8776 1000
 9592  8980 1000
 9592  9184 1000
 9592  9388 1000
 9592  9592 1000
 9592  9796 1000
 9592 10000 1000
 9796     0 1000
 9796   204 1000
 9796   408 1000
 9796   612 1000
 9796   816 1000
 9796  1020 1000
 9796  1224 1000
 9796  1429 1000
 9796  1633 1000
 9796  1837 1000
 9796  2041 1000
 9796  2245 1000
 9796  2449 1000
 9796  2653 1000
 9796  2857 1000
 9796  3061 1000
 9796  3265 1000
 9796  3469 1000
 9796  3673 1000
 9796  3878 1000
 9796  4082 1000
 9796  4286 1000
 9796  4490 1000
 9796  4694 1000
 9796  4898 1000
 9796  5102 1000
 9796  5306 1000
 9796  5510 1000
 9796  5714 1000
 9796  5918 1000
 9796  6122 1000
 9796  6327 1000
 9796  6531 1000
 9796  6735 1000
 9796  6939 1000
 9796  7143 1000
 9796  7347 1000
 9796  7551 1000
 9796  7755 1000
 9796  7959 1000
 9796  8163 1000
 9796  8367 1000
 9796  8571 1000
 9796  8776 1000
 9796  8980 1000
 9796  9184 1000
 9796  9388 1000
 9796  9592 1000
 9796  9796 1000
 9796 10000 1000
10000     0 1000
10000   204 1000
10000   408 1000
10000   612 1000
10000   816 1000
10000  1020 1000
10000  1224 1000
10000  1429 1000
10000  1633 1000
10000  1837 1000
10000  2041 1000
10000  2245 1000
10000  2449 1000
10000  2653 1000
10000  2857 1000
10000  3061 1000
10000  3265 1000
10000  3469 1000
10000  3673 1000
10000  3878 1000
10000  4082 1000
10000  4286 1000
10000  4490 1000
10000  4694 1000
10000  4898 1000
10000  5102 1000
10000  5306 1000
10000  5510 1000
10000  5714 1000
10000  5918 1000
10000  6122 1000
10000  6327 1000
10000  6531 1000
10000  6735 1000
10000  6939 1000
10000  7143 1000
10000  7347 1000
10000  7551 1000
10000  7755 1000
10000  7959 1000
10000  8163 1000
10000  8367 1000
10000  8571 1000
10000  8776 1000
10000  8980 1000
10000  9184 1000
10000  9388 1000
10000  9592 1000
10000  9796 1000
10000 10000 1000
