0.000 0.000 1500
204.082 0.000 1500
408.163 0.000 1500
612.245 0.000 1500
816.327 0.000 1500
1020.408 0.000 1500
1224.490 0.000 1500
1428.571 0.000 1500
1632.653 0.000 1500
1836.735 0.000 1500
2040.816 0.000 1500
2244.898 0.000 1500
2448.980 0.000 1500
2653.061 0.000 1500
2857.143 0.000 1500
3061.224 0.000 1500
3265.306 0.000 1500
3469.388 0.000 1500
3673.469 0.000 1500
3877.551 0.000 1500
4081.633 0.000 1500
4285.714 0.000 1500
4489.796 0.000 1500
4693.878 0.000 1500
4897.959 0.000 1500
5102.041 0.000 1500
5306.122 0.000 1500
5510.204 0.000 1500
5714.286 0.000 1500
5918.367 0.000 1500
6122.449 0.000 1500
6326.531 0.000 1500
6530.612 0.000 1500
6734.694 0.000 1500
6938.776 0.000 1500
7142.857 0.000 1500
7346.939 0.000 1500
7551.020 0.000 1500
7755.102 0.000 1500
7959.184 0.000 1500
8163.265 0.000 1500
8367.347 0.000 1500
8571.429 0.000 1500
8775.510 0.000 1500
8979.592 0.000 1500
9183.673 0.000 1500
9387.755 0.000 1500
9591.837 0.000 1500
9795.918 0.000 1500
10000.000 0.000 1500
0.000 204.082 1500
204.082 204.082 1500
408.163 204.082 1500
612.245 204.082 1500
816.327 204.082 1500
1020.408 204.082 1500
1224.490 204.082 1500
1428.571 204.082 1500
1632.653 204.082 1500
1836.735 204.082 1500
2040.816 204.082 1500
2244.898 204.082 1500
2448.980 204.082 1500
2653.061 204.082 1500
2857.143 204.082 1500
3061.224 204.082 1500
3265.306 204.082 1500
3469.388 204.082 1500
3673.469 204.082 1500
3877.551 204.082 1500
4081.633 204.082 1500
4285.714 204.082 1500
4489.796 204.082 1500
4693.878 204.082 1500
4897.959 204.082 1500
5102.041 204.082 1500
5306.122 204.082 1500
5510.204 204.082 1500
5714.286 204.082 1500
5918.367 204.082 1500
6122.449 204.082 1500
6326.531 204.082 1500
6530.612 204.082 1500
6734.694 204.082 1500
6938.776 204.082 1500
7142.857 204.082 1500
7346.939 204.082 1500
7551.020 204.082 1500
7755.102 204.082 1500
7959.184 204.082 1500
8163.265 204.082 1500
8367.347 204.082 1500
8571.429 204.082 1500
8775.510 204.082 1500
8979.592 204.082 1500
9183.673 204.082 1500
9387.755 204.082 1500
9591.837 204.082 1500
9795.918 204.082 1500
10000.000 204.082 1500
0.000 408.163 1500
204.082 408.163 1500
408.163 408.163 1500
612.245 408.163 1500
816.327 408.163 1500
1020.408 408.163 1500
1224.490 408.163 1500
1428.571 408.163 1500
1632.653 408.163 1500
1836.735 408.163 1500
2040.816 408.163 1500
2244.898 408.163 1500
2448.980 408.163 1500
2653.061 408.163 1500
2857.143 408.163 1500
3061.224 408.163 1500
3265.306 408.163 1500
3469.388 408.163 1500
3673.469 408.163 1500
3877.551 408.163 1500
4081.633 408.163 1500
4285.714 408.163 1500
4489.796 408.163 1500
4693.878 408.163 1500
4897.959 408.163 1500
5102.041 408.163 1500
5306.122 408.163 1500
5510.204 408.163 1500
5714.286 408.163 1500
5918.367 408.163 1500
6122.449 408.163 1500
6326.531 408.163 1500
6530.612 408.163 1500
6734.694 408.163 1500
6938.776 408.163 1500
7142.857 408.163 1500
7346.939 408.163 1500
7551.020 408.163 1500
7755.102 408.163 1500
7959.184 408.163 1500
8163.265 408.163 1500
8367.347 408.163 1500
8571.429 408.163 1500
8775.510 408.163 1500
8979.592 408.163 1500
9183.673 408.163 1500
9387.755 408.163 1500
9591.837 408.163 1500
9795.918 408.163 1500
10000.000 408.163 1500
0.000 612.245 1500
204.082 612.245 1500
408.163 612.245 1500
612.245 612.245 1500
816.327 612.245 1500
1020.408 612.245 1500
1224.490 612.245 1500
1428.571 612.245 1500
1632.653 612.245 1500
1836.735 612.245 1500
2040.816 612.245 1500
2244.898 612.245 1500
2448.980 612.245 1500
2653.061 612.245 1500
2857.143 612.245 1500
3061.224 612.245 1500
3265.306 612.245 1500
3469.388 612.245 1500
3673.469 612.245 1500
3877.551 612.245 1500
4081.633 612.245 1500
4285.714 612.245 1500
4489.796 612.245 1500
4693.878 612.245 1500
4897.959 612.245 1500
5102.041 612.245 1500
5306.122 612.245 1500
5510.204 612.245 1500
5714.286 612.245 1500
5918.367 612.245 1500
6122.449 612.245 1500
6326.531 612.245 1500
6530.612 612.245 1500
6734.694 612.245 1500
6938.776 612.245 1500
7142.857 612.245 1500
7346.939 612.245 1500
7551.020 612.245 1500
7755.102 612.245 1500
7959.184 612.245 1500
8163.265 612.245 1500
8367.347 612.245 1500
8571.429 612.245 1500
8775.510 612.245 1500
8979.592 612.245 1500
9183.673 612.245 1500
9387.755 612.245 1500
9591.837 612.245 1500
9795.918 612.245 1500
10000.000 612.245 1500
0.000 816.327 1500
204.082 816.327 1500
408.163 816.327 1500
612.245 816.327 1500
816.327 816.327 1500
1020.408 816.327 1500
1224.490 816.327 1500
1428.571 816.327 1500
1632.653 816.327 1500
1836.735 816.327 1500
2040.816 816.327 1500
2244.898 816.327 1500
2448.980 816.327 1500
2653.061 816.327 1500
2857.143 816.327 1500
3061.224 816.327 1500
3265.306 816.327 1500
3469.388 816.327 1500
3673.469 816.327 1500
3877.551 816.327 1500
4081.633 816.327 1500
4285.714 816.327 1500
4489.796 816.327 1500
4693.878 816.327 1500
4897.959 816.327 1500
5102.041 816.327 1500
5306.122 816.327 1500
5510.204 816.327 1500
5714.286 816.327 1500
5918.367 816.327 1500
6122.449 816.327 1500
6326.531 816.327 1500
6530.612 816.327 1500
6734.694 816.327 1500
6938.776 816.327 1500
7142.857 816.327 1500
7346.939 816.327 1500
7551.020 816.327 1500
7755.102 816.327 1500
7959.184 816.327 1500
8163.265 816.327 1500
8367.347 816.327 1500
8571.429 816.327 1500
8775.510 816.327 1500
8979.592 816.327 1500
9183.673 816.327 1500
9387.755 816.327 1500
9591.837 816.327 1500
9795.918 816.327 1500
10000.000 816.327 1500
0.000 1020.408 1500
204.082 1020.408 1500
408.163 1020.408 1500
612.245 1020.408 1500
816.327 1020.408 1500
1020.408 1020.408 1500
1224.490 1020.408 1500
1428.571 1020.408 1500
1632.653 1020.408 1500
1836.735 1020.408 1500
2040.816 1020.408 1500
2244.898 1020.408 1500
2448.980 1020.408 1500
2653.061 1020.408 1500
2857.143 1020.408 1500
3061.224 1020.408 1500
3265.306 1020.408 1500
3469.388 1020.408 1500
3673.469 1020.408 1500
3877.551 1020.408 1500
4081.633 1020.408 1500
4285.714 1020.408 1500
4489.796 1020.408 1500
4693.878 1020.408 1500
4897.959 1020.408 1500
5102.041 1020.408 1500
5306.122 1020.408 1500
5510.204 1020.408 1500
5714.286 1020.408 1500
5918.367 1020.408 1500
6122.449 1020.408 1500
6326.531 1020.408 1500
6530.612 1020.408 1500
6734.694 1020.408 1500
6938.776 1020.408 1500
7142.857 1020.408 1500
7346.939 1020.408 1500
7551.020 1020.408 1500
7755.102 1020.408 1500
7959.184 1020.408 1500
8163.265 1020.408 1500
8367.347 1020.408 1500
8571.429 1020.408 1500
8775.510 1020.408 1500
8979.592 1020.408 1500
9183.673 1020.408 1500
9387.755 1020.408 1500
9591.837 1020.408 1500
9795.918 1020.408 1500
10000.000 1020.408 1500
0.000 1224.490 1500
204.082 1224.490 1500
408.163 1224.490 1500
612.245 1224.490 1500
816.327 1224.490 1500
1020.408 1224.490 1500
1224.490 1224.490 1500
1428.571 1224.490 1500
1632.653 1224.490 1500
1836.735 1224.490 1500
2040.816 1224.490 1500
2244.898 1224.490 1500
2448.980 1224.490 1500
2653.061 1224.490 1500
2857.143 1224.490 1500
3061.224 1224.490 1500
3265.306 1224.490 1500
3469.388 1224.490 1500
3673.469 1224.490 1500
3877.551 1224.490 1500
4081.633 1224.490 1500
4285.714 1224.490 1500
4489.796 1224.490 1500
4693.878 1224.490 1500
4897.959 1224.490 1500
5102.041 1224.490 1500
5306.122 1224.490 1500
5510.204 1224.490 1500
5714.286 1224.490 1500
5918.367 1224.490 1500
6122.449 1224.490 1500
6326.531 1224.490 1500
6530.612 1224.490 1500
6734.694 1224.490 1500
6938.776 1224.490 1500
7142.857 1224.490 1500
7346.939 1224.490 1500
7551.020 1224.490 1500
7755.102 1224.490 1500
7959.184 1224.490 1500
8163.265 1224.490 1500
8367.347 1224.490 1500
8571.429 1224.490 1500
8775.510 1224.490 1500
8979.592 1224.490 1500
9183.673 1224.490 1500
9387.755 1224.490 1500
9591.837 1224.490 1500
9795.918 1224.490 1500
10000.000 1224.490 1500
0.000 1428.571 1500
204.082 1428.571 1500
408.163 1428.571 1500
612.245 1428.571 1500
816.327 1428.571 1500
1020.408 1428.571 1500
1224.490 1428.571 1500
1428.571 1428.571 1500
1632.653 1428.571 1500
1836.735 1428.571 1500
2040.816 1428.571 1500
2244.898 1428.571 1500
2448.980 1428.571 1500
2653.061 1428.571 1500
2857.143 1428.571 1500
3061.224 1428.571 1500
3265.306 1428.571 1500
3469.388 1428.571 1500
3673.469 1428.571 1500
3877.551 1428.571 1500
4081.633 1428.571 1500
4285.714 1428.571 1500
4489.796 1428.571 1500
4693.878 1428.571 1500
4897.959 1428.571 1500
5102.041 1428.571 1500
5306.122 1428.571 1500
5510.204 1428.571 1500
5714.286 1428.571 1500
5918.367 1428.571 1500
6122.449 1428.571 1500
6326.531 1428.571 1500
6530.612 1428.571 1500
6734.694 1428.571 1500
6938.776 1428.571 1500
7142.857 1428.571 1500
7346.939 1428.571 1500
7551.020 1428.571 1500
7755.102 1428.571 1500
7959.184 1428.571 1500
8163.265 1428.571 1500
8367.347 1428.571 1500
8571.429 1428.571 1500
8775.510 1428.571 1500
8979.592 1428.571 1500
9183.673 1428.571 1500
9387.755 1428.571 1500
9591.837 1428.571 1500
9795.918 1428.571 1500
10000.000 1428.571 1500
0.000 1632.653 1500
204.082 1632.653 1500
408.163 1632.653 1500
612.245 1632.653 1500
816.327 1632.653 1500
1020.408 1632.653 1500
1224.490 1632.653 1500
1428.571 1632.653 1500
1632.653 1632.653 1500
1836.735 1632.653 1500
2040.816 1632.653 1500
2244.898 1632.653 1500
2448.980 1632.653 1500
2653.061 1632.653 1500
2857.143 1632.653 1500
3061.224 1632.653 1500
3265.306 1632.653 1500
3469.388 1632.653 1500
3673.469 1632.653 1500
3877.551 1632.653 1500
4081.633 1632.653 1500
4285.714 1632.653 1500
4489.796 1632.653 1500
4693.878 1632.653 1500
4897.959 1632.653 1500
5102.041 1632.653 1500
5306.122 1632.653 1500
5510.204 1632.653 1500
5714.286 1632.653 1500
5918.367 1632.653 1500
6122.449 1632.653 1500
6326.531 1632.653 1500
6530.612 1632.653 1500
6734.694 1632.653 1500
6938.776 1632.653 1500
7142.857 1632.653 1500
7346.939 1632.653 1500
7551.020 1632.653 1500
7755.102 1632.653 1500
7959.184 1632.653 1500
8163.265 1632.653 1500
8367.347 1632.653 1500
8571.429 1632.653 1500
8775.510 1632.653 1500
8979.592 1632.653 1500
9183.673 1632.653 1500
9387.755 1632.653 1500
9591.837 1632.653 1500
9795.918 1632.653 1500
10000.000 1632.653 1500
0.000 1836.735 1500
204.082 1836.735 1500
408.163 1836.735 1500
612.245 1836.735 1500
816.327 1836.735 1500
1020.408 1836.735 1500
1224.490 1836.735 1500
1428.571 1836.735 1500
1632.653 1836.735 1500
1836.735 1836.735 1500
2040.816 1836.735 1500
2244.898 1836.735 1500
2448.980 1836.735 1500
2653.061 1836.735 1500
2857.143 1836.735 1500
3061.224 1836.735 1500
3265.306 1836.735 1500
3469.388 1836.735 1500
3673.469 1836.735 1500
3877.551 1836.735 1500
4081.633 1836.735 1500
4285.714 1836.735 1500
4489.796 1836.735 1500
4693.878 1836.735 1500
4897.959 1836.735 1500
5102.041 1836.735 1500
5306.122 1836.735 1500
5510.204 1836.735 1500
5714.286 1836.735 1500
5918.367 1836.735 1500
6122.449 1836.735 1500
6326.531 1836.735 1500
6530.612 1836.735 1500
6734.694 1836.735 1500
6938.776 1836.735 1500
7142.857 1836.735 1500
7346.939 1836.735 1500
7551.020 1836.735 1500
7755.102 1836.735 1500
7959.184 1836.735 1500
8163.265 1836.735 1500
8367.347 1836.735 1500
8571.429 1836.735 1500
8775.510 1836.735 1500
8979.592 1836.735 1500
9183.673 1836.735 1500
9387.755 1836.735 1500
9591.837 1836.735 1500
9795.918 1836.735 1500
10000.000 1836.735 1500
0.000 2040.816 1500
204.082 2040.816 1500
408.163 2040.816 1500
612.245 2040.816 1500
816.327 2040.816 1500
1020.408 2040.816 1500
1224.490 2040.816 1500
1428.571 2040.816 1500
1632.653 2040.816 1500
1836.735 2040.816 1500
2040.816 2040.816 1500
2244.898 2040.816 1500
2448.980 2040.816 1500
2653.061 2040.816 1500
2857.143 2040.816 1500
3061.224 2040.816 1500
3265.306 2040.816 1500
3469.388 2040.816 1500
3673.469 2040.816 1500
3877.551 2040.816 1500
4081.633 2040.816 1500
4285.714 2040.816 1500
4489.796 2040.816 1525.406
4693.878 2040.816 1546.231
4897.959 2040.816 1558.726
5102.041 2040.816 1562.890
5306.122 2040.816 1558.726
5510.204 2040.816 1546.231
5714.286 2040.816 1525.406
5918.367 2040.816 1500
6122.449 2040.816 1500
6326.531 2040.816 1500
6530.612 2040.816 1500
6734.694 2040.816 1500
6938.776 2040.816 1500
7142.857 2040.816 1500
7346.939 2040.816 1500
7551.020 2040.816 1500
7755.102 2040.816 1500
7959.184 2040.816 1500
8163.265 2040.816 1500
8367.347 2040.816 1500
8571.429 2040.816 1500
8775.510 2040.816 1500
8979.592 2040.816 1500
9183.673 2040.816 1500
9387.755 2040.816 1500
9591.837 2040.816 1500
9795.918 2040.816 1500
10000.000 2040.816 1500
0.000 2244.898 1500
204.082 2244.898 1500
408.163 2244.898 1500
612.245 2244.898 1500
816.327 2244.898 1500
1020.408 2244.898 1500
1224.490 2244.898 1500
1428.571 2244.898 1500
1632.653 2244.898 1500
1836.735 2244.898 1500
2040.816 2244.898 1500
2244.898 2244.898 1500
2448.980 2244.898 1500
2653.061 2244.898 1500
2857.143 2244.898 1500
3061.224 2244.898 1500
3265.306 2244.898 1500
3469.388 2244.898 1500
3673.469 2244.898 1500
3877.551 2244.898 1533.736
4081.633 2244.898 1579.550
4285.714 2244.898 1617.035
4489.796 2244.898 1646.189
4693.878 2244.898 1667.014
4897.959 2244.898 1679.509
5102.041 2244.898 1683.673
5306.122 2244.898 1679.509
5510.204 2244.898 1667.014
5714.286 2244.898 1646.189
5918.367 2244.898 1617.035
6122.449 2244.898 1579.550
6326.531 2244.898 1533.736
6530.612 2244.898 1500
6734.694 2244.898 1500
6938.776 2244.898 1500
7142.857 2244.898 1500
7346.939 2244.898 1500
7551.020 2244.898 1500
7755.102 2244.898 1500
7959.184 2244.898 1500
8163.265 2244.898 1500
8367.347 2244.898 1500
8571.429 2244.898 1500
8775.510 2244.898 1500
8979.592 2244.898 1500
9183.673 2244.898 1500
9387.755 2244.898 1500
9591.837 2244.898 1500
9795.918 2244.898 1500
10000.000 2244.898 1500
0.000 2448.980 1500
204.082 2448.980 1500
408.163 2448.980 1500
612.245 2448.980 1500
816.327 2448.980 1500
1020.408 2448.980 1500
1224.490 2448.980 1500
1428.571 2448.980 1500
1632.653 2448.980 1500
1836.735 2448.980 1500
2040.816 2448.980 1500
2244.898 2448.980 1500
2448.980 2448.980 1500
2653.061 2448.980 1500
2857.143 2448.980 1500
3061.224 2448.980 1500
3265.306 2448.980 1500
3469.388 2448.980 1529.571
3673.469 2448.980 1592.045
3877.551 2448.980 1646.189
4081.633 2448.980 1692.003
4285.714 2448.980 1729.488
4489.796 2448.980 1758.642
4693.878 2448.980 1779.467
4897.959 2448.980 1791.962
5102.041 2448.980 1796.127
5306.122 2448.980 1791.962
5510.204 2448.980 1779.467
5714.286 2448.980 1758.642
5918.367 2448.980 1729.488
6122.449 2448.980 1692.003
6326.531 2448.980 1646.189
6530.612 2448.980 1592.045
6734.694 2448.980 1529.571
6938.776 2448.980 1500
7142.857 2448.980 1500
7346.939 2448.980 1500
7551.020 2448.980 1500
7755.102 2448.980 1500
7959.184 2448.980 1500
8163.265 2448.980 1500
8367.347 2448.980 1500
8571.429 2448.980 1500
8775.510 2448.980 1500
8979.592 2448.980 1500
9183.673 2448.980 1500
9387.755 2448.980 1500
9591.837 2448.980 1500
9795.918 2448.980 1500
10000.000 2448.980 1500
0.000 2653.061 1500
204.082 2653.061 1500
408.163 2653.061 1500
612.245 2653.061 1500
816.327 2653.061 1500
1020.408 2653.061 1500
1224.490 2653.061 1500
1428.571 2653.061 1500
1632.653 2653.061 1500
1836.735 2653.061 1500
2040.816 2653.061 1500
2244.898 2653.061 1500
2448.980 2653.061 1500
2653.061 2653.061 1500
2857.143 2653.061 1500
3061.224 2653.061 1500
3265.306 2653.061 1562.890
3469.388 2653.061 1633.694
3673.469 2653.061 1696.168
3877.551 2653.061 1750.312
4081.633 2653.061 1796.127
4285.714 2653.061 1833.611
4489.796 2653.061 1862.766
4693.878 2653.061 1883.590
4897.959 2653.061 1896.085
5102.041 2653.061 1900.250
5306.122 2653.061 1896.085
5510.204 2653.061 1883.590
5714.286 2653.061 1862.766
5918.367 2653.061 1833.611
6122.449 2653.061 1796.127
6326.531 2653.061 1750.312
6530.612 2653.061 1696.168
6734.694 2653.061 1633.694
6938.776 2653.061 1562.890
7142.857 2653.061 1500
7346.939 2653.061 1500
7551.020 2653.061 1500
7755.102 2653.061 1500
7959.184 2653.061 1500
8163.265 2653.061 1500
8367.347 2653.061 1500
8571.429 2653.061 1500
8775.510 2653.061 1500
8979.592 2653.061 1500
9183.673 2653.061 1500
9387.755 2653.061 1500
9591.837 2653.061 1500
9795.918 2653.061 1500
10000.000 2653.061 1500
0.000 2857.143 1500
204.082 2857.143 1500
408.163 2857.143 1500
612.245 2857.143 1500
816.327 2857.143 1500
1020.408 2857.143 1500
1224.490 2857.143 1500
1428.571 2857.143 1500
1632.653 2857.143 1500
1836.735 2857.143 1500
2040.816 2857.143 1500
2244.898 2857.143 1500
2448.980 2857.143 1500
2653.061 2857.143 1500
2857.143 2857.143 1500
3061.224 2857.143 1579.550
3265.306 2857.143 1658.684
3469.388 2857.143 1729.488
3673.469 2857.143 1791.962
3877.551 2857.143 1846.106
4081.633 2857.143 1891.920
4285.714 2857.143 1929.404
4489.796 2857.143 1958.559
4693.878 2857.143 1979.384
4897.959 2857.143 1991.878
5102.041 2857.143 1996.043
5306.122 2857.143 1991.878
5510.204 2857.143 1979.384
5714.286 2857.143 1958.559
5918.367 2857.143 1929.404
6122.449 2857.143 1891.920
6326.531 2857.143 1846.106
6530.612 2857.143 1791.962
6734.694 2857.143 1729.488
6938.776 2857.143 1658.684
7142.857 2857.143 1579.550
7346.939 2857.143 1500
7551.020 2857.143 1500
7755.102 2857.143 1500
7959.184 2857.143 1500
8163.265 2857.143 1500
8367.347 2857.143 1500
8571.429 2857.143 1500
8775.510 2857.143 1500
8979.592 2857.143 1500
9183.673 2857.143 1500
9387.755 2857.143 1500
9591.837 2857.143 1500
9795.918 2857.143 1500
10000.000 2857.143 1500
0.000 3061.224 1500
204.082 3061.224 1500
408.163 3061.224 1500
612.245 3061.224 1500
816.327 3061.224 1500
1020.408 3061.224 1500
1224.490 3061.224 1500
1428.571 3061.224 1500
1632.653 3061.224 1500
1836.735 3061.224 1500
2040.816 3061.224 1500
2244.898 3061.224 1500
2448.980 3061.224 1500
2653.061 3061.224 1500
2857.143 3061.224 1579.550
3061.224 3061.224 1667.014
3265.306 3061.224 1746.147
3469.388 3061.224 1816.951
3673.469 3061.224 1879.425
3877.551 3061.224 1933.569
4081.633 3061.224 1979.384
4285.714 3061.224 2016.868
4489.796 3061.224 2046.022
4693.878 3061.224 2066.847
4897.959 3061.224 2079.342
5102.041 3061.224 2083.507
5306.122 3061.224 2079.342
5510.204 3061.224 2066.847
5714.286 3061.224 2046.022
5918.367 3061.224 2016.868
6122.449 3061.224 1979.384
6326.531 3061.224 1933.569
6530.612 3061.224 1879.425
6734.694 3061.224 1816.951
6938.776 3061.224 1746.147
7142.857 3061.224 1667.014
7346.939 3061.224 1579.550
7551.020 3061.224 1500
7755.102 3061.224 1500
7959.184 3061.224 1500
8163.265 3061.224 1500
8367.347 3061.224 1500
8571.429 3061.224 1500
8775.510 3061.224 1500
8979.592 3061.224 1500
9183.673 3061.224 1500
9387.755 3061.224 1500
9591.837 3061.224 1500
9795.918 3061.224 1500
10000.000 3061.224 1500
0.000 3265.306 1500
204.082 3265.306 1500
408.163 3265.306 1500
612.245 3265.306 1500
816.327 3265.306 1500
1020.408 3265.306 1500
1224.490 3265.306 1500
1428.571 3265.306 1500
1632.653 3265.306 1500
1836.735 3265.306 1500
2040.816 3265.306 1500
2244.898 3265.306 1500
2448.980 3265.306 1500
2653.061 3265.306 1562.890
2857.143 3265.306 1658.684
3061.224 3265.306 1746.147
3265.306 3265.306 1825.281
3469.388 3265.306 1896.085
3673.469 3265.306 1958.559
3877.551 3265.306 2012.703
4081.633 3265.306 2058.517
4285.714 3265.306 2096.002
4489.796 3265.306 2125.156
4693.878 3265.306 2145.981
4897.959 3265.306 2158.476
5102.041 3265.306 2162.641
5306.122 3265.306 2158.476
5510.204 3265.306 2145.981
5714.286 3265.306 2125.156
5918.367 3265.306 2096.002
6122.449 3265.306 2058.517
6326.531 3265.306 2012.703
6530.612 3265.306 1958.559
6734.694 3265.306 1896.085
6938.776 3265.306 1825.281
7142.857 3265.306 1746.147
7346.939 3265.306 1658.684
7551.020 3265.306 1562.890
7755.102 3265.306 1500
7959.184 3265.306 1500
8163.265 3265.306 1500
8367.347 3265.306 1500
8571.429 3265.306 1500
8775.510 3265.306 1500
8979.592 3265.306 1500
9183.673 3265.306 1500
9387.755 3265.306 1500
9591.837 3265.306 1500
9795.918 3265.306 1500
10000.000 3265.306 1500
0.000 3469.388 1500
204.082 3469.388 1500
408.163 3469.388 1500
612.245 3469.388 1500
816.327 3469.388 1500
1020.408 3469.388 1500
1224.490 3469.388 1500
1428.571 3469.388 1500
1632.653 3469.388 1500
1836.735 3469.388 1500
2040.816 3469.388 1500
2244.898 3469.388 1500
2448.980 3469.388 1529.571
2653.061 3469.388 1633.694
2857.143 3469.388 1729.488
3061.224 3469.388 1816.951
3265.306 3469.388 1896.085
3469.388 3469.388 1966.889
3673.469 3469.388 2029.363
3877.551 3469.388 2083.507
4081.633 3469.388 2129.321
4285.714 3469.388 2166.805
4489.796 3469.388 2195.960
4693.878 3469.388 2216.785
4897.959 3469.388 2229.279
5102.041 3469.388 2233.444
5306.122 3469.388 2229.279
5510.204 3469.388 2216.785
5714.286 3469.388 2195.960
5918.367 3469.388 2166.805
6122.449 3469.388 2129.321
6326.531 3469.388 2083.507
6530.612 3469.388 2029.363
6734.694 3469.388 1966.889
6938.776 3469.388 1896.085
7142.857 3469.388 1816.951
7346.939 3469.388 1729.488
7551.020 3469.388 1633.694
7755.102 3469.388 1529.571
7959.184 3469.388 1500
8163.265 3469.388 1500
8367.347 3469.388 1500
8571.429 3469.388 1500
8775.510 3469.388 1500
8979.592 3469.388 1500
9183.673 3469.388 1500
9387.755 3469.388 1500
9591.837 3469.388 1500
9795.918 3469.388 1500
10000.000 3469.388 1500
0.000 3673.469 1500
204.082 3673.469 1500
408.163 3673.469 1500
612.245 3673.469 1500
816.327 3673.469 1500
1020.408 3673.469 1500
1224.490 3673.469 1500
1428.571 3673.469 1500
1632.653 3673.469 1500
1836.735 3673.469 1500
2040.816 3673.469 1500
2244.898 3673.469 1500
2448.980 3673.469 1592.045
2653.061 3673.469 1696.168
2857.143 3673.469 1791.962
3061.224 3673.469 1879.425
3265.306 3673.469 1958.559
3469.388 3673.469 2029.363
3673.469 3673.469 2091.837
3877.551 3673.469 2145.981
4081.633 3673.469 2191.795
4285.714 3673.469 2229.279
4489.796 3673.469 2258.434
4693.878 3673.469 2279.259
4897.959 3673.469 2291.753
5102.041 3673.469 2295.918
5306.122 3673.469 2291.753
5510.204 3673.469 2279.259
5714.286 3673.469 2258.434
5918.367 3673.469 2229.279
6122.449 3673.469 2191.795
6326.531 3673.469 2145.981
6530.612 3673.469 2091.837
6734.694 3673.469 2029.363
6938.776 3673.469 1958.559
7142.857 3673.469 1879.425
7346.939 3673.469 1791.962
7551.020 3673.469 1696.168
7755.102 3673.469 1592.045
7959.184 3673.469 1500
8163.265 3673.469 1500
8367.347 3673.469 1500
8571.429 3673.469 1500
8775.510 3673.469 1500
8979.592 3673.469 1500
9183.673 3673.469 1500
9387.755 3673.469 1500
9591.837 3673.469 1500
9795.918 3673.469 1500
10000.000 3673.469 1500
0.000 3877.551 1500
204.082 3877.551 1500
408.163 3877.551 1500
612.245 3877.551 1500
816.327 3877.551 1500
1020.408 3877.551 1500
1224.490 3877.551 1500
1428.571 3877.551 1500
1632.653 3877.551 1500
1836.735 3877.551 1500
2040.816 3877.551 1500
2244.898 3877.551 1533.736
2448.980 3877.551 1646.189
2653.061 3877.551 1750.312
2857.143 3877.551 1846.106
3061.224 3877.551 1933.569
3265.306 3877.551 2012.703
3469.388 3877.551 2083.507
3673.469 3877.551 2145.981
3877.551 3877.551 2200.125
4081.633 3877.551 2245.939
4285.714 3877.551 2283.424
4489.796 3877.551 2312.578
4693.878 3877.551 2333.403
4897.959 3877.551 2345.898
5102.041 3877.551 2350.062
5306.122 3877.551 2345.898
5510.204 3877.551 2333.403
5714.286 3877.551 2312.578
5918.367 3877.551 2283.424
6122.449 3877.551 2245.939
6326.531 3877.551 2200.125
6530.612 3877.551 2145.981
6734.694 3877.551 2083.507
6938.776 3877.551 2012.703
7142.857 3877.551 1933.569
7346.939 3877.551 1846.106
7551.020 3877.551 1750.312
7755.102 3877.551 1646.189
7959.184 3877.551 1533.736
8163.265 3877.551 1500
8367.347 3877.551 1500
8571.429 3877.551 1500
8775.510 3877.551 1500
8979.592 3877.551 1500
9183.673 3877.551 1500
9387.755 3877.551 1500
9591.837 3877.551 1500
9795.918 3877.551 1500
10000.000 3877.551 1500
0.000 4081.633 1500
204.082 4081.633 1500
408.163 4081.633 1500
612.245 4081.633 1500
816.327 4081.633 1500
1020.408 4081.633 1500
1224.490 4081.633 1500
1428.571 4081.633 1500
1632.653 4081.633 1500
1836.735 4081.633 1500
2040.816 4081.633 1500
2244.898 4081.633 1579.550
2448.980 4081.633 1692.003
2653.061 4081.633 1796.127
2857.143 4081.633 1891.920
3061.224 4081.633 1979.384
3265.306 4081.633 2058.517
3469.388 4081.633 2129.321
3673.469 4081.633 2191.795
3877.551 4081.633 2245.939
4081.633 4081.633 2291.753
4285.714 4081.633 2329.238
4489.796 4081.633 2358.392
4693.878 4081.633 2379.217
4897.959 4081.633 2391.712
5102.041 4081.633 2395.877
5306.122 4081.633 2391.712
5510.204 4081.633 2379.217
5714.286 4081.633 2358.392
5918.367 4081.633 2329.238
6122.449 4081.633 2291.753
6326.531 4081.633 2245.939
6530.612 4081.633 2191.795
6734.694 4081.633 2129.321
6938.776 4081.633 2058.517
7142.857 4081.633 1979.384
7346.939 4081.633 1891.920
7551.020 4081.633 1796.127
7755.102 4081.633 1692.003
7959.184 4081.633 1579.550
8163.265 4081.633 1500
8367.347 4081.633 1500
8571.429 4081.633 1500
8775.510 4081.633 1500
8979.592 4081.633 1500
9183.673 4081.633 1500
9387.755 4081.633 1500
9591.837 4081.633 1500
9795.918 4081.633 1500
10000.000 4081.633 1500
0.000 4285.714 1500
204.082 4285.714 1500
408.163 4285.714 1500
612.245 4285.714 1500
816.327 4285.714 1500
1020.408 4285.714 1500
1224.490 4285.714 1500
1428.571 4285.714 1500
1632.653 4285.714 1500
1836.735 4285.714 1500
2040.816 4285.714 1500
2244.898 4285.714 1617.035
2448.980 4285.714 1729.488
2653.061 4285.714 1833.611
2857.143 4285.714 1929.404
3061.224 4285.714 2016.868
3265.306 4285.714 2096.002
3469.388 4285.714 2166.805
3673.469 4285.714 2229.279
3877.551 4285.714 2283.424
4081.633 4285.714 2329.238
4285.714 4285.714 2366.722
4489.796 4285.714 2395.877
4693.878 4285.714 2416.701
4897.959 4285.714 2429.196
5102.041 4285.714 2433.361
5306.122 4285.714 2429.196
5510.204 4285.714 2416.701
5714.286 4285.714 2395.877
5918.367 4285.714 2366.722
6122.449 4285.714 2329.238
6326.531 4285.714 2283.424
6530.612 4285.714 2229.279
6734.694 4285.714 2166.805
6938.776 4285.714 2096.002
7142.857 4285.714 2016.868
7346.939 4285.714 1929.404
7551.020 4285.714 1833.611
7755.102 4285.714 1729.488
7959.184 4285.714 1617.035
8163.265 4285.714 1500
8367.347 4285.714 1500
8571.429 4285.714 1500
8775.510 4285.714 1500
8979.592 4285.714 1500
9183.673 4285.714 1500
9387.755 4285.714 1500
9591.837 4285.714 1500
9795.918 4285.714 1500
10000.000 4285.714 1500
0.000 4489.796 1500
204.082 4489.796 1500
408.163 4489.796 1500
612.245 4489.796 1500
816.327 4489.796 1500
1020.408 4489.796 1500
1224.490 4489.796 1500
1428.571 4489.796 1500
1632.653 4489.796 1500
1836.735 4489.796 1500
2040.816 4489.796 1525.406
2244.898 4489.796 1646.189
2448.980 4489.796 1758.642
2653.061 4489.796 1862.766
2857.143 4489.796 1958.559
3061.224 4489.796 2046.022
3265.306 4489.796 2125.156
3469.388 4489.796 2195.960
3673.469 4489.796 2258.434
3877.551 4489.796 2312.578
4081.633 4489.796 2358.392
4285.714 4489.796 2395.877
4489.796 4489.796 2425.031
4693.878 4489.796 2445.856
4897.959 4489.796 2458.351
5102.041 4489.796 2462.516
5306.122 4489.796 2458.351
5510.204 4489.796 2445.856
5714.286 4489.796 2425.031
5918.367 4489.796 2395.877
6122.449 4489.796 2358.392
6326.531 4489.796 2312.578
6530.612 4489.796 2258.434
6734.694 4489.796 2195.960
6938.776 4489.796 2125.156
7142.857 4489.796 2046.022
7346.939 4489.796 1958.559
7551.020 4489.796 1862.766
7755.102 4489.796 1758.642
7959.184 4489.796 1646.189
8163.265 4489.796 1525.406
8367.347 4489.796 1500
8571.429 4489.796 1500
8775.510 4489.796 1500
8979.592 4489.796 1500
9183.673 4489.796 1500
9387.755 4489.796 1500
9591.837 4489.796 1500
9795.918 4489.796 1500
10000.000 4489.796 1500
0.000 4693.878 1500
204.082 4693.878 1500
408.163 4693.878 1500
612.245 4693.878 1500
816.327 4693.878 1500
1020.408 4693.878 1500
1224.490 4693.878 1500
1428.571 4693.878 1500
1632.653 4693.878 1500
1836.735 4693.878 1500
2040.816 4693.878 1546.231
2244.898 4693.878 1667.014
2448.980 4693.878 1779.467
2653.061 4693.878 1883.590
2857.143 4693.878 1979.384
3061.224 4693.878 2066.847
3265.306 4693.878 2145.981
3469.388 4693.878 2216.785
3673.469 4693.878 2279.259
3877.551 4693.878 2333.403
4081.633 4693.878 2379.217
4285.714 4693.878 2416.701
4489.796 4693.878 2445.856
4693.878 4693.878 2466.681
4897.959 4693.878 2479.175
5102.041 4693.878 2483.340
5306.122 4693.878 2479.175
5510.204 4693.878 2466.681
5714.286 4693.878 2445.856
5918.367 4693.878 2416.701
6122.449 4693.878 2379.217
6326.531 4693.878 2333.403
6530.612 4693.878 2279.259
6734.694 4693.878 2216.785
6938.776 4693.878 2145.981
7142.857 4693.878 2066.847
7346.939 4693.878 1979.384
7551.020 4693.878 1883.590
7755.102 4693.878 1779.467
7959.184 4693.878 1667.014
8163.265 4693.878 1546.231
8367.347 4693.878 1500
8571.429 4693.878 1500
8775.510 4693.878 1500
8979.592 4693.878 1500
9183.673 4693.878 1500
9387.755 4693.878 1500
9591.837 4693.878 1500
9795.918 4693.878 1500
10000.000 4693.878 1500
0.000 4897.959 1500
204.082 4897.959 1500
408.163 4897.959 1500
612.245 4897.959 1500
816.327 4897.959 1500
1020.408 4897.959 1500
1224.490 4897.959 1500
1428.571 4897.959 1500
1632.653 4897.959 1500
1836.735 4897.959 1500
2040.816 4897.959 1558.726
2244.898 4897.959 1679.509
2448.980 4897.959 1791.962
2653.061 4897.959 1896.085
2857.143 4897.959 1991.878
3061.224 4897.959 2079.342
3265.306 4897.959 2158.476
3469.388 4897.959 2229.279
3673.469 4897.959 2291.753
3877.551 4897.959 2345.898
4081.633 4897.959 2391.712
4285.714 4897.959 2429.196
4489.796 4897.959 2458.351
4693.878 4897.959 2479.175
4897.959 4897.959 2491.670
5102.041 4897.959 2495.835
5306.122 4897.959 2491.670
5510.204 4897.959 2479.175
5714.286 4897.959 2458.351
5918.367 4897.959 2429.196
6122.449 4897.959 2391.712
6326.531 4897.959 2345.898
6530.612 4897.959 2291.753
6734.694 4897.959 2229.279
6938.776 4897.959 2158.476
7142.857 4897.959 2079.342
7346.939 4897.959 1991.878
7551.020 4897.959 1896.085
7755.102 4897.959 1791.962
7959.184 4897.959 1679.509
8163.265 4897.959 1558.726
8367.347 4897.959 1500
8571.429 4897.959 1500
8775.510 4897.959 1500
8979.592 4897.959 1500
9183.673 4897.959 1500
9387.755 4897.959 1500
9591.837 4897.959 1500
9795.918 4897.959 1500
10000.000 4897.959 1500
0.000 5102.041 1500
204.082 5102.041 1500
408.163 5102.041 1500
612.245 5102.041 1500
816.327 5102.041 1500
1020.408 5102.041 1500
1224.490 5102.041 1500
1428.571 5102.041 1500
1632.653 5102.041 1500
1836.735 5102.041 1500
2040.816 5102.041 1562.890
2244.898 5102.041 1683.673
2448.980 5102.041 1796.127
2653.061 5102.041 1900.250
2857.143 5102.041 1996.043
3061.224 5102.041 2083.507
3265.306 5102.041 2162.641
3469.388 5102.041 2233.444
3673.469 5102.041 2295.918
3877.551 5102.041 2350.062
4081.633 5102.041 2395.877
4285.714 5102.041 2433.361
4489.796 5102.041 2462.516
4693.878 5102.041 2483.340
4897.959 5102.041 2495.835
5102.041 5102.041 2500.000
5306.122 5102.041 2495.835
5510.204 5102.041 2483.340
5714.286 5102.041 2462.516
5918.367 5102.041 2433.361
6122.449 5102.041 2395.877
6326.531 5102.041 2350.062
6530.612 5102.041 2295.918
6734.694 5102.041 2233.444
6938.776 5102.041 2162.641
7142.857 5102.041 2083.507
7346.939 5102.041 1996.043
7551.020 5102.041 1900.250
7755.102 5102.041 1796.127
7959.184 5102.041 1683.673
8163.265 5102.041 1562.890
8367.347 5102.041 1500
8571.429 5102.041 1500
8775.510 5102.041 1500
8979.592 5102.041 1500
9183.673 5102.041 1500
9387.755 5102.041 1500
9591.837 5102.041 1500
9795.918 5102.041 1500
10000.000 5102.041 1500
0.000 5306.122 1500
204.082 5306.122 1500
408.163 5306.122 1500
612.245 5306.122 1500
816.327 5306.122 1500
1020.408 5306.122 1500
1224.490 5306.122 1500
1428.571 5306.122 1500
1632.653 5306.122 1500
1836.735 5306.122 1500
2040.816 5306.122 1558.726
2244.898 5306.122 1679.509
2448.980 5306.122 1791.962
2653.061 5306.122 1896.085
2857.143 5306.122 1991.878
3061.224 5306.122 2079.342
3265.306 5306.122 2158.476
3469.388 5306.122 2229.279
3673.469 5306.122 2291.753
3877.551 5306.122 2345.898
4081.633 5306.122 2391.712
4285.714 5306.122 2429.196
4489.796 5306.122 2458.351
4693.878 5306.122 2479.175
4897.959 5306.122 2491.670
5102.041 5306.122 2495.835
5306.122 5306.122 2491.670
5510.204 5306.122 2479.175
5714.286 5306.122 2458.351
5918.367 5306.122 2429.196
6122.449 5306.122 2391.712
6326.531 5306.122 2345.898
6530.612 5306.122 2291.753
6734.694 5306.122 2229.279
6938.776 5306.122 2158.476
7142.857 5306.122 2079.342
7346.939 5306.122 1991.878
7551.020 5306.122 1896.085
7755.102 5306.122 1791.962
7959.184 5306.122 1679.509
8163.265 5306.122 1558.726
8367.347 5306.122 1500
8571.429 5306.122 1500
8775.510 5306.122 1500
8979.592 5306.122 1500
9183.673 5306.122 1500
9387.755 5306.122 1500
9591.837 5306.122 1500
9795.918 5306.122 1500
10000.000 5306.122 1500
0.000 5510.204 1500
204.082 5510.204 1500
408.163 5510.204 1500
612.245 5510.204 1500
816.327 5510.204 1500
1020.408 5510.204 1500
1224.490 5510.204 1500
1428.571 5510.204 1500
1632.653 5510.204 1500
1836.735 5510.204 1500
2040.816 5510.204 1546.231
2244.898 5510.204 1667.014
2448.980 5510.204 1779.467
2653.061 5510.204 1883.590
2857.143 5510.204 1979.384
3061.224 5510.204 2066.847
3265.306 5510.204 2145.981
3469.388 5510.204 2216.785
3673.469 5510.204 2279.259
3877.551 5510.204 2333.403
4081.633 5510.204 2379.217
4285.714 5510.204 2416.701
4489.796 5510.204 2445.856
4693.878 5510.204 2466.681
4897.959 5510.204 2479.175
5102.041 5510.204 2483.340
5306.122 5510.204 2479.175
5510.204 5510.204 2466.681
5714.286 5510.204 2445.856
5918.367 5510.204 2416.701
6122.449 5510.204 2379.217
6326.531 5510.204 2333.403
6530.612 5510.204 2279.259
6734.694 5510.204 2216.785
6938.776 5510.204 2145.981
7142.857 5510.204 2066.847
7346.939 5510.204 1979.384
7551.020 5510.204 1883.590
7755.102 5510.204 1779.467
7959.184 5510.204 1667.014
8163.265 5510.204 1546.231
8367.347 5510.204 1500
8571.429 5510.204 1500
8775.510 5510.204 1500
8979.592 5510.204 1500
9183.673 5510.204 1500
9387.755 5510.204 1500
9591.837 5510.204 1500
9795.918 5510.204 1500
10000.000 5510.204 1500
0.000 5714.286 1500
204.082 5714.286 1500
408.163 5714.286 1500
612.245 5714.286 1500
816.327 5714.286 1500
1020.408 5714.286 1500
1224.490 5714.286 1500
1428.571 5714.286 1500
1632.653 5714.286 1500
1836.735 5714.286 1500
2040.816 5714.286 1525.406
2244.898 5714.286 1646.189
2448.980 5714.286 1758.642
2653.061 5714.286 1862.766
2857.143 5714.286 1958.559
3061.224 5714.286 2046.022
3265.306 5714.286 2125.156
3469.388 5714.286 2195.960
3673.469 5714.286 2258.434
3877.551 5714.286 2312.578
4081.633 5714.286 2358.392
4285.714 5714.286 2395.877
4489.796 5714.286 2425.031
4693.878 5714.286 2445.856
4897.959 5714.286 2458.351
5102.041 5714.286 2462.516
5306.122 5714.286 2458.351
5510.204 5714.286 2445.856
5714.286 5714.286 2425.031
5918.367 5714.286 2395.877
6122.449 5714.286 2358.392
6326.531 5714.286 2312.578
6530.612 5714.286 2258.434
6734.694 5714.286 2195.960
6938.776 5714.286 2125.156
7142.857 5714.286 2046.022
7346.939 5714.286 1958.559
7551.020 5714.286 1862.766
7755.102 5714.286 1758.642
7959.184 5714.286 1646.189
8163.265 5714.286 1525.406
8367.347 5714.286 1500
8571.429 5714.286 1500
8775.510 5714.286 1500
8979.592 5714.286 1500
9183.673 5714.286 1500
9387.755 5714.286 1500
9591.837 5714.286 1500
9795.918 5714.286 1500
10000.000 5714.286 1500
0.000 5918.367 1500
204.082 5918.367 1500
408.163 5918.367 1500
612.245 5918.367 1500
816.327 5918.367 1500
1020.408 5918.367 1500
1224.490 5918.367 1500
1428.571 5918.367 1500
1632.653 5918.367 1500
1836.735 5918.367 1500
2040.816 5918.367 1500
2244.898 5918.367 1617.035
2448.980 5918.367 1729.488
2653.061 5918.367 1833.611
2857.143 5918.367 1929.404
3061.224 5918.367 2016.868
3265.306 5918.367 2096.002
3469.388 5918.367 2166.805
3673.469 5918.367 2229.279
3877.551 5918.367 2283.424
4081.633 5918.367 2329.238
4285.714 5918.367 2366.722
4489.796 5918.367 2395.877
4693.878 5918.367 2416.701
4897.959 5918.367 2429.196
5102.041 5918.367 2433.361
5306.122 5918.367 2429.196
5510.204 5918.367 2416.701
5714.286 5918.367 2395.877
5918.367 5918.367 2366.722
6122.449 5918.367 2329.238
6326.531 5918.367 2283.424
6530.612 5918.367 2229.279
6734.694 5918.367 2166.805
6938.776 5918.367 2096.002
7142.857 5918.367 2016.868
7346.939 5918.367 1929.404
7551.020 5918.367 1833.611
7755.102 5918.367 1729.488
7959.184 5918.367 1617.035
8163.265 5918.367 1500
8367.347 5918.367 1500
8571.429 5918.367 1500
8775.510 5918.367 1500
8979.592 5918.367 1500
9183.673 5918.367 1500
9387.755 5918.367 1500
9591.837 5918.367 1500
9795.918 5918.367 1500
10000.000 5918.367 1500
0.000 6122.449 1500
204.082 6122.449 1500
408.163 6122.449 1500
612.245 6122.449 1500
816.327 6122.449 1500
1020.408 6122.449 1500
1224.490 6122.449 1500
1428.571 6122.449 1500
1632.653 6122.449 1500
1836.735 6122.449 1500
2040.816 6122.449 1500
2244.898 6122.449 1579.550
2448.980 6122.449 1692.003
2653.061 6122.449 1796.127
2857.143 6122.449 1891.920
3061.224 6122.449 1979.384
3265.306 6122.449 2058.517
3469.388 6122.449 2129.321
3673.469 6122.449 2191.795
3877.551 6122.449 2245.939
4081.633 6122.449 2291.753
4285.714 6122.449 2329.238
4489.796 6122.449 2358.392
4693.878 6122.449 2379.217
4897.959 6122.449 2391.712
5102.041 6122.449 2395.877
5306.122 6122.449 2391.712
5510.204 6122.449 2379.217
5714.286 6122.449 2358.392
5918.367 6122.449 2329.238
6122.449 6122.449 2291.753
6326.531 6122.449 2245.939
6530.612 6122.449 2191.795
6734.694 6122.449 2129.321
6938.776 6122.449 2058.517
7142.857 6122.449 1979.384
7346.939 6122.449 1891.920
7551.020 6122.449 1796.127
7755.102 6122.449 1692.003
7959.184 6122.449 1579.550
8163.265 6122.449 1500
8367.347 6122.449 1500
8571.429 6122.449 1500
8775.510 6122.449 1500
8979.592 6122.449 1500
9183.673 6122.449 1500
9387.755 6122.449 1500
9591.837 6122.449 1500
9795.918 6122.449 1500
10000.000 6122.449 1500
0.000 6326.531 1500
204.082 6326.531 1500
408.163 6326.531 1500
612.245 6326.531 1500
816.327 6326.531 1500
1020.408 6326.531 1500
1224.490 6326.531 1500
1428.571 6326.531 1500
1632.653 6326.531 1500
1836.735 6326.531 1500
2040.816 6326.531 1500
2244.898 6326.531 1533.736
2448.980 6326.531 1646.189
2653.061 6326.531 1750.312
2857.143 6326.531 1846.106
3061.224 6326.531 1933.569
3265.306 6326.531 2012.703
3469.388 6326.531 2083.507
3673.469 6326.531 2145.981
3877.551 6326.531 2200.125
4081.633 6326.531 2245.939
4285.714 6326.531 2283.424
4489.796 6326.531 2312.578
4693.878 6326.531 2333.403
4897.959 6326.531 2345.898
5102.041 6326.531 2350.062
5306.122 6326.531 2345.898
5510.204 6326.531 2333.403
5714.286 6326.531 2312.578
5918.367 6326.531 2283.424
6122.449 6326.531 2245.939
6326.531 6326.531 2200.125
6530.612 6326.531 2145.981
6734.694 6326.531 2083.507
6938.776 6326.531 2012.703
7142.857 6326.531 1933.569
7346.939 6326.531 1846.106
7551.020 6326.531 1750.312
7755.102 6326.531 1646.189
7959.184 6326.531 1533.736
8163.265 6326.531 1500
8367.347 6326.531 1500
8571.429 6326.531 1500
8775.510 6326.531 1500
8979.592 6326.531 1500
9183.673 6326.531 1500
9387.755 6326.531 1500
9591.837 6326.531 1500
9795.918 6326.531 1500
10000.000 6326.531 1500
0.000 6530.612 1500
204.082 6530.612 1500
408.163 6530.612 1500
612.245 6530.612 1500
816.327 6530.612 1500
1020.408 6530.612 1500
1224.490 6530.612 1500
1428.571 6530.612 1500
1632.653 6530.612 1500
1836.735 6530.612 1500
2040.816 6530.612 1500
2244.898 6530.612 1500
2448.980 6530.612 1592.045
2653.061 6530.612 1696.168
2857.143 6530.612 1791.962
3061.224 6530.612 1879.425
3265.306 6530.612 1958.559
3469.388 6530.612 2029.363
3673.469 6530.612 2091.837
3877.551 6530.612 2145.981
4081.633 6530.612 2191.795
4285.714 6530.612 2229.279
4489.796 6530.612 2258.434
4693.878 6530.612 2279.259
4897.959 6530.612 2291.753
5102.041 6530.612 2295.918
5306.122 6530.612 2291.753
5510.204 6530.612 2279.259
5714.286 6530.612 2258.434
5918.367 6530.612 2229.279
6122.449 6530.612 2191.795
6326.531 6530.612 2145.981
6530.612 6530.612 2091.837
6734.694 6530.612 2029.363
6938.776 6530.612 1958.559
7142.857 6530.612 1879.425
7346.939 6530.612 1791.962
7551.020 6530.612 1696.168
7755.102 6530.612 1592.045
7959.184 6530.612 1500
8163.265 6530.612 1500
8367.347 6530.612 1500
8571.429 6530.612 1500
8775.510 6530.612 1500
8979.592 6530.612 1500
9183.673 6530.612 1500
9387.755 6530.612 1500
9591.837 6530.612 1500
9795.918 6530.612 1500
10000.000 6530.612 1500
0.000 6734.694 1500
204.082 6734.694 1500
408.163 6734.694 1500
612.245 6734.694 1500
816.327 6734.694 1500
1020.408 6734.694 1500
1224.490 6734.694 1500
1428.571 6734.694 1500
1632.653 6734.694 1500
1836.735 6734.694 1500
2040.816 6734.694 1500
2244.898 6734.694 1500
2448.980 6734.694 1529.571
2653.061 6734.694 1633.694
2857.143 6734.694 1729.488
3061.224 6734.694 1816.951
3265.306 6734.694 1896.085
3469.388 6734.694 1966.889
3673.469 6734.694 2029.363
3877.551 6734.694 2083.507
4081.633 6734.694 2129.321
4285.714 6734.694 2166.805
4489.796 6734.694 2195.960
4693.878 6734.694 2216.785
4897.959 6734.694 2229.279
5102.041 6734.694 2233.444
5306.122 6734.694 2229.279
5510.204 6734.694 2216.785
5714.286 6734.694 2195.960
5918.367 6734.694 2166.805
6122.449 6734.694 2129.321
6326.531 6734.694 2083.507
6530.612 6734.694 2029.363
6734.694 6734.694 1966.889
6938.776 6734.694 1896.085
7142.857 6734.694 1816.951
7346.939 6734.694 1729.488
7551.020 6734.694 1633.694
7755.102 6734.694 1529.571
7959.184 6734.694 1500
8163.265 6734.694 1500
8367.347 6734.694 1500
8571.429 6734.694 1500
8775.510 6734.694 1500
8979.592 6734.694 1500
9183.673 6734.694 1500
9387.755 6734.694 1500
9591.837 6734.694 1500
9795.918 6734.694 1500
10000.000 6734.694 1500
0.000 6938.776 1500
204.082 6938.776 1500
408.163 6938.776 1500
612.245 6938.776 1500
816.327 6938.776 1500
1020.408 6938.776 1500
1224.490 6938.776 1500
1428.571 6938.776 1500
1632.653 6938.776 1500
1836.735 6938.776 1500
2040.816 6938.776 1500
2244.898 6938.776 1500
2448.980 6938.776 1500
2653.061 6938.776 1562.890
2857.143 6938.776 1658.684
3061.224 6938.776 1746.147
3265.306 6938.776 1825.281
3469.388 6938.776 1896.085
3673.469 6938.776 1958.559
3877.551 6938.776 2012.703
4081.633 6938.776 2058.517
4285.714 6938.776 2096.002
4489.796 6938.776 2125.156
4693.878 6938.776 2145.981
4897.959 6938.776 2158.476
5102.041 6938.776 2162.641
5306.122 6938.776 2158.476
5510.204 6938.776 2145.981
5714.286 6938.776 2125.156
5918.367 6938.776 2096.002
6122.449 6938.776 2058.517
6326.531 6938.776 2012.703
6530.612 6938.776 1958.559
6734.694 6938.776 1896.085
6938.776 6938.776 1825.281
7142.857 6938.776 1746.147
7346.939 6938.776 1658.684
7551.020 6938.776 1562.890
7755.102 6938.776 1500
7959.184 6938.776 1500
8163.265 6938.776 1500
8367.347 6938.776 1500
8571.429 6938.776 1500
8775.510 6938.776 1500
8979.592 6938.776 1500
9183.673 6938.776 1500
9387.755 6938.776 1500
9591.837 6938.776 1500
9795.918 6938.776 1500
10000.000 6938.776 1500
0.000 7142.857 1500
204.082 7142.857 1500
408.163 7142.857 1500
612.245 7142.857 1500
816.327 7142.857 1500
1020.408 7142.857 1500
1224.490 7142.857 1500
1428.571 7142.857 1500
1632.653 7142.857 1500
1836.735 7142.857 1500
2040.816 7142.857 1500
2244.898 7142.857 1500
2448.980 7142.857 1500
2653.061 7142.857 1500
2857.143 7142.857 1579.550
3061.224 7142.857 1667.014
3265.306 7142.857 1746.147
3469.388 7142.857 1816.951
3673.469 7142.857 1879.425
3877.551 7142.857 1933.569
4081.633 7142.857 1979.384
4285.714 7142.857 2016.868
4489.796 7142.857 2046.022
4693.878 7142.857 2066.847
4897.959 7142.857 2079.342
5102.041 7142.857 2083.507
5306.122 7142.857 2079.342
5510.204 7142.857 2066.847
5714.286 7142.857 2046.022
5918.367 7142.857 2016.868
6122.449 7142.857 1979.384
6326.531 7142.857 1933.569
6530.612 7142.857 1879.425
6734.694 7142.857 1816.951
6938.776 7142.857 1746.147
7142.857 7142.857 1667.014
7346.939 7142.857 1579.550
7551.020 7142.857 1500
7755.102 7142.857 1500
7959.184 7142.857 1500
8163.265 7142.857 1500
8367.347 7142.857 1500
8571.429 7142.857 1500
8775.510 7142.857 1500
8979.592 7142.857 1500
9183.673 7142.857 1500
9387.755 7142.857 1500
9591.837 7142.857 1500
9795.918 7142.857 1500
10000.000 7142.857 1500
0.000 7346.939 1500
204.082 7346.939 1500
408.163 7346.939 1500
612.245 7346.939 1500
816.327 7346.939 1500
1020.408 7346.939 1500
1224.490 7346.939 1500
1428.571 7346.939 1500
1632.653 7346.939 1500
1836.735 7346.939 1500
2040.816 7346.939 1500
2244.898 7346.939 1500
2448.980 7346.939 1500
2653.061 7346.939 1500
2857.143 7346.939 1500
3061.224 7346.939 1579.550
3265.306 7346.939 1658.684
3469.388 7346.939 1729.488
3673.469 7346.939 1791.962
3877.551 7346.939 1846.106
4081.633 7346.939 1891.920
4285.714 7346.939 1929.404
4489.796 7346.939 1958.559
4693.878 7346.939 1979.384
4897.959 7346.939 1991.878
5102.041 7346.939 1996.043
5306.122 7346.939 1991.878
5510.204 7346.939 1979.384
5714.286 7346.939 1958.559
5918.367 7346.939 1929.404
6122.449 7346.939 1891.920
6326.531 7346.939 1846.106
6530.612 7346.939 1791.962
6734.694 7346.939 1729.488
6938.776 7346.939 1658.684
7142.857 7346.939 1579.550
7346.939 7346.939 1500
7551.020 7346.939 1500
7755.102 7346.939 1500
7959.184 7346.939 1500
8163.265 7346.939 1500
8367.347 7346.939 1500
8571.429 7346.939 1500
8775.510 7346.939 1500
8979.592 7346.939 1500
9183.673 7346.939 1500
9387.755 7346.939 1500
9591.837 7346.939 1500
9795.918 7346.939 1500
10000.000 7346.939 1500
0.000 7551.020 1500
204.082 7551.020 1500
408.163 7551.020 1500
612.245 7551.020 1500
816.327 7551.020 1500
1020.408 7551.020 1500
1224.490 7551.020 1500
1428.571 7551.020 1500
1632.653 7551.020 1500
1836.735 7551.020 1500
2040.816 7551.020 1500
2244.898 7551.020 1500
2448.980 7551.020 1500
2653.061 7551.020 1500
2857.143 7551.020 1500
3061.224 7551.020 1500
3265.306 7551.020 1562.890
3469.388 7551.020 1633.694
3673.469 7551.020 1696.168
3877.551 7551.020 1750.312
4081.633 7551.020 1796.127
4285.714 7551.020 1833.611
4489.796 7551.020 1862.766
4693.878 7551.020 1883.590
4897.959 7551.020 1896.085
5102.041 7551.020 1900.250
5306.122 7551.020 1896.085
5510.204 7551.020 1883.590
5714.286 7551.020 1862.766
5918.367 7551.020 1833.611
6122.449 7551.020 1796.127
6326.531 7551.020 1750.312
6530.612 7551.020 1696.168
6734.694 7551.020 1633.694
6938.776 7551.020 1562.890
7142.857 7551.020 1500
7346.939 7551.020 1500
7551.020 7551.020 1500
7755.102 7551.020 1500
7959.184 7551.020 1500
8163.265 7551.020 1500
8367.347 7551.020 1500
8571.429 7551.020 1500
8775.510 7551.020 1500
8979.592 7551.020 1500
9183.673 7551.020 1500
9387.755 7551.020 1500
9591.837 7551.020 1500
9795.918 7551.020 1500
10000.000 7551.020 1500
0.000 7755.102 1500
204.082 7755.102 1500
408.163 7755.102 1500
612.245 7755.102 1500
816.327 7755.102 1500
1020.408 7755.102 1500
1224.490 7755.102 1500
1428.571 7755.102 1500
1632.653 7755.102 1500
1836.735 7755.102 1500
2040.816 7755.102 1500
2244.898 7755.102 1500
2448.980 7755.102 1500
2653.061 7755.102 1500
2857.143 7755.102 1500
3061.224 7755.102 1500
3265.306 7755.102 1500
3469.388 7755.102 1529.571
3673.469 7755.102 1592.045
3877.551 7755.102 1646.189
4081.633 7755.102 1692.003
4285.714 7755.102 1729.488
4489.796 7755.102 1758.642
4693.878 7755.102 1779.467
4897.959 7755.102 1791.962
5102.041 7755.102 1796.127
5306.122 7755.102 1791.962
5510.204 7755.102 1779.467
5714.286 7755.102 1758.642
5918.367 7755.102 1729.488
6122.449 7755.102 1692.003
6326.531 7755.102 1646.189
6530.612 7755.102 1592.045
6734.694 7755.102 1529.571
6938.776 7755.102 1500
7142.857 7755.102 1500
7346.939 7755.102 1500
7551.020 7755.102 1500
7755.102 7755.102 1500
7959.184 7755.102 1500
8163.265 7755.102 1500
8367.347 7755.102 1500
8571.429 7755.102 1500
8775.510 7755.102 1500
8979.592 7755.102 1500
9183.673 7755.102 1500
9387.755 7755.102 1500
9591.837 7755.102 1500
9795.918 7755.102 1500
10000.000 7755.102 1500
0.000 7959.184 1500
204.082 7959.184 1500
408.163 7959.184 1500
612.245 7959.184 1500
816.327 7959.184 1500
1020.408 7959.184 1500
1224.490 7959.184 1500
1428.571 7959.184 1500
1632.653 7959.184 1500
1836.735 7959.184 1500
2040.816 7959.184 1500
2244.898 7959.184 1500
2448.980 7959.184 1500
2653.061 7959.184 1500
2857.143 7959.184 1500
3061.224 7959.184 1500
3265.306 7959.184 1500
3469.388 7959.184 1500
3673.469 7959.184 1500
3877.551 7959.184 1533.736
4081.633 7959.184 1579.550
4285.714 7959.184 1617.035
4489.796 7959.184 1646.189
4693.878 7959.184 1667.014
4897.959 7959.184 1679.509
5102.041 7959.184 1683.673
5306.122 7959.184 1679.509
5510.204 7959.184 1667.014
5714.286 7959.184 1646.189
5918.367 7959.184 1617.035
6122.449 7959.184 1579.550
6326.531 7959.184 1533.736
6530.612 7959.184 1500
6734.694 7959.184 1500
6938.776 7959.184 1500
7142.857 7959.184 1500
7346.939 7959.184 1500
7551.020 7959.184 1500
7755.102 7959.184 1500
7959.184 7959.184 1500
8163.265 7959.184 1500
8367.347 7959.184 1500
8571.429 7959.184 1500
8775.510 7959.184 1500
8979.592 7959.184 1500
9183.673 7959.184 1500
9387.755 7959.184 1500
9591.837 7959.184 1500
9795.918 7959.184 1500
10000.000 7959.184 1500
0.000 8163.265 1500
204.082 8163.265 1500
408.163 8163.265 1500
612.245 8163.265 1500
816.327 8163.265 1500
1020.408 8163.265 1500
1224.490 8163.265 1500
1428.571 8163.265 1500
1632.653 8163.265 1500
1836.735 8163.265 1500
2040.816 8163.265 1500
2244.898 8163.265 1500
2448.980 8163.265 1500
2653.061 8163.265 1500
2857.143 8163.265 1500
3061.224 8163.265 1500
3265.306 8163.265 1500
3469.388 8163.265 1500
3673.469 8163.265 1500
3877.551 8163.265 1500
4081.633 8163.265 1500
4285.714 8163.265 1500
4489.796 8163.265 1525.406
4693.878 8163.265 1546.231
4897.959 8163.265 1558.726
5102.041 8163.265 1562.890
5306.122 8163.265 1558.726
5510.204 8163.265 1546.231
5714.286 8163.265 1525.406
5918.367 8163.265 1500
6122.449 8163.265 1500
6326.531 8163.265 1500
6530.612 8163.265 1500
6734.694 8163.265 1500
6938.776 8163.265 1500
7142.857 8163.265 1500
7346.939 8163.265 1500
7551.020 8163.265 1500
7755.102 8163.265 1500
7959.184 8163.265 1500
8163.265 8163.265 1500
8367.347 8163.265 1500
8571.429 8163.265 1500
8775.510 8163.265 1500
8979.592 8163.265 1500
9183.673 8163.265 1500
9387.755 8163.265 1500
9591.837 8163.265 1500
9795.918 8163.265 1500
10000.000 8163.265 1500
0.000 8367.347 1500
204.082 8367.347 1500
408.163 8367.347 1500
612.245 8367.347 1500
816.327 8367.347 1500
1020.408 8367.347 1500
1224.490 8367.347 1500
1428.571 8367.347 1500
1632.653 8367.347 1500
1836.735 8367.347 1500
2040.816 8367.347 1500
2244.898 8367.347 1500
2448.980 8367.347 1500
2653.061 8367.347 1500
2857.143 8367.347 1500
3061.224 8367.347 1500
3265.306 8367.347 1500
3469.388 8367.347 1500
3673.469 8367.347 1500
3877.551 8367.347 1500
4081.633 8367.347 1500
4285.714 8367.347 1500
4489.796 8367.347 1500
4693.878 8367.347 1500
4897.959 8367.347 1500
5102.041 8367.347 1500
5306.122 8367.347 1500
5510.204 8367.347 1500
5714.286 8367.347 1500
5918.367 8367.347 1500
6122.449 8367.347 1500
6326.531 8367.347 1500
6530.612 8367.347 1500
6734.694 8367.347 1500
6938.776 8367.347 1500
7142.857 8367.347 1500
7346.939 8367.347 1500
7551.020 8367.347 1500
7755.102 8367.347 1500
7959.184 8367.347 1500
8163.265 8367.347 1500
8367.347 8367.347 1500
8571.429 8367.347 1500
8775.510 8367.347 1500
8979.592 8367.347 1500
9183.673 8367.347 1500
9387.755 8367.347 1500
9591.837 8367.347 1500
9795.918 8367.347 1500
10000.000 8367.347 1500
0.000 8571.429 1500
204.082 8571.429 1500
408.163 8571.429 1500
612.245 8571.429 1500
816.327 8571.429 1500
1020.408 8571.429 1500
1224.490 8571.429 1500
1428.571 8571.429 1500
1632.653 8571.429 1500
1836.735 8571.429 1500
2040.816 8571.429 1500
2244.898 8571.429 1500
2448.980 8571.429 1500
2653.061 8571.429 1500
2857.143 8571.429 1500
3061.224 8571.429 1500
3265.306 8571.429 1500
3469.388 8571.429 1500
3673.469 8571.429 1500
3877.551 8571.429 1500
4081.633 8571.429 1500
4285.714 8571.429 1500
4489.796 8571.429 1500
4693.878 8571.429 1500
4897.959 8571.429 1500
5102.041 8571.429 1500
5306.122 8571.429 1500
5510.204 8571.429 1500
5714.286 8571.429 1500
5918.367 8571.429 1500
6122.449 8571.429 1500
6326.531 8571.429 1500
6530.612 8571.429 1500
6734.694 8571.429 1500
6938.776 8571.429 1500
7142.857 8571.429 1500
7346.939 8571.429 1500
7551.020 8571.429 1500
7755.102 8571.429 1500
7959.184 8571.429 1500
8163.265 8571.429 1500
8367.347 8571.429 1500
8571.429 8571.429 1500
8775.510 8571.429 1500
8979.592 8571.429 1500
9183.673 8571.429 1500
9387.755 8571.429 1500
9591.837 8571.429 1500
9795.918 8571.429 1500
10000.000 8571.429 1500
0.000 8775.510 1500
204.082 8775.510 1500
408.163 8775.510 1500
612.245 8775.510 1500
816.327 8775.510 1500
1020.408 8775.510 1500
1224.490 8775.510 1500
1428.571 8775.510 1500
1632.653 8775.510 1500
1836.735 8775.510 1500
2040.816 8775.510 1500
2244.898 8775.510 1500
2448.980 8775.510 1500
2653.061 8775.510 1500
2857.143 8775.510 1500
3061.224 8775.510 1500
3265.306 8775.510 1500
3469.388 8775.510 1500
3673.469 8775.510 1500
3877.551 8775.510 1500
4081.633 8775.510 1500
4285.714 8775.510 1500
4489.796 8775.510 1500
4693.878 8775.510 1500
4897.959 8775.510 1500
5102.041 8775.510 1500
5306.122 8775.510 1500
5510.204 8775.510 1500
5714.286 8775.510 1500
5918.367 8775.510 1500
6122.449 8775.510 1500
6326.531 8775.510 1500
6530.612 8775.510 1500
6734.694 8775.510 1500
6938.776 8775.510 1500
7142.857 8775.510 1500
7346.939 8775.510 1500
7551.020 8775.510 1500
7755.102 8775.510 1500
7959.184 8775.510 1500
8163.265 8775.510 1500
8367.347 8775.510 1500
8571.429 8775.510 1500
8775.510 8775.510 1500
8979.592 8775.510 1500
9183.673 8775.510 1500
9387.755 8775.510 1500
9591.837 8775.510 1500
9795.918 8775.510 1500
10000.000 8775.510 1500
0.000 8979.592 1500
204.082 8979.592 1500
408.163 8979.592 1500
612.245 8979.592 1500
816.327 8979.592 1500
1020.408 8979.592 1500
1224.490 8979.592 1500
1428.571 8979.592 1500
1632.653 8979.592 1500
1836.735 8979.592 1500
2040.816 8979.592 1500
2244.898 8979.592 1500
2448.980 8979.592 1500
2653.061 8979.592 1500
2857.143 8979.592 1500
3061.224 8979.592 1500
3265.306 8979.592 1500
3469.388 8979.592 1500
3673.469 8979.592 1500
3877.551 8979.592 1500
4081.633 8979.592 1500
4285.714 8979.592 1500
4489.796 8979.592 1500
4693.878 8979.592 1500
4897.959 8979.592 1500
5102.041 8979.592 1500
5306.122 8979.592 1500
5510.204 8979.592 1500
5714.286 8979.592 1500
5918.367 8979.592 1500
6122.449 8979.592 1500
6326.531 8979.592 1500
6530.612 8979.592 1500
6734.694 8979.592 1500
6938.776 8979.592 1500
7142.857 8979.592 1500
7346.939 8979.592 1500
7551.020 8979.592 1500
7755.102 8979.592 1500
7959.184 8979.592 1500
8163.265 8979.592 1500
8367.347 8979.592 1500
8571.429 8979.592 1500
8775.510 8979.592 1500
8979.592 8979.592 1500
9183.673 8979.592 1500
9387.755 8979.592 1500
9591.837 8979.592 1500
9795.918 8979.592 1500
10000.000 8979.592 1500
0.000 9183.673 1500
204.082 9183.673 1500
408.163 9183.673 1500
612.245 9183.673 1500
816.327 9183.673 1500
1020.408 9183.673 1500
1224.490 9183.673 1500
1428.571 9183.673 1500
1632.653 9183.673 1500
1836.735 9183.673 1500
2040.816 9183.673 1500
2244.898 9183.673 1500
2448.980 9183.673 1500
2653.061 9183.673 1500
2857.143 9183.673 1500
3061.224 9183.673 1500
3265.306 9183.673 1500
3469.388 9183.673 1500
3673.469 9183.673 1500
3877.551 9183.673 1500
4081.633 9183.673 1500
4285.714 9183.673 1500
4489.796 9183.673 1500
4693.878 9183.673 1500
4897.959 9183.673 1500
5102.041 9183.673 1500
5306.122 9183.673 1500
5510.204 9183.673 1500
5714.286 9183.673 1500
5918.367 9183.673 1500
6122.449 9183.673 1500
6326.531 9183.673 1500
6530.612 9183.673 1500
6734.694 9183.673 1500
6938.776 9183.673 1500
7142.857 9183.673 1500
7346.939 9183.673 1500
7551.020 9183.673 1500
7755.102 9183.673 1500
7959.184 9183.673 1500
8163.265 9183.673 1500
8367.347 9183.673 1500
8571.429 9183.673 1500
8775.510 9183.673 1500
8979.592 9183.673 1500
9183.673 9183.673 1500
9387.755 9183.673 1500
9591.837 9183.673 1500
9795.918 9183.673 1500
10000.000 9183.673 1500
0.000 9387.755 1500
204.082 9387.755 1500
408.163 9387.755 1500
612.245 9387.755 1500
816.327 9387.755 1500
1020.408 9387.755 1500
1224.490 9387.755 1500
1428.571 9387.755 1500
1632.653 9387.755 1500
1836.735 9387.755 1500
2040.816 9387.755 1500
2244.898 9387.755 1500
2448.980 9387.755 1500
2653.061 9387.755 1500
2857.143 9387.755 1500
3061.224 9387.755 1500
3265.306 9387.755 1500
3469.388 9387.755 1500
3673.469 9387.755 1500
3877.551 9387.755 1500
4081.633 9387.755 1500
4285.714 9387.755 1500
4489.796 9387.755 1500
4693.878 9387.755 1500
4897.959 9387.755 1500
5102.041 9387.755 1500
5306.122 9387.755 1500
5510.204 9387.755 1500
5714.286 9387.755 1500
5918.367 9387.755 1500
6122.449 9387.755 1500
6326.531 9387.755 1500
6530.612 9387.755 1500
6734.694 9387.755 1500
6938.776 9387.755 1500
7142.857 9387.755 1500
7346.939 9387.755 1500
7551.020 9387.755 1500
7755.102 9387.755 1500
7959.184 9387.755 1500
8163.265 9387.755 1500
8367.347 9387.755 1500
8571.429 9387.755 1500
8775.510 9387.755 1500
8979.592 9387.755 1500
9183.673 9387.755 1500
9387.755 9387.755 1500
9591.837 9387.755 1500
9795.918 9387.755 1500
10000.000 9387.755 1500
0.000 9591.837 1500
204.082 9591.837 1500
408.163 9591.837 1500
612.245 9591.837 1500
816.327 9591.837 1500
1020.408 9591.837 1500
1224.490 9591.837 1500
1428.571 9591.837 1500
1632.653 9591.837 1500
1836.735 9591.837 1500
2040.816 9591.837 1500
2244.898 9591.837 1500
2448.980 9591.837 1500
2653.061 9591.837 1500
2857.143 9591.837 1500
3061.224 9591.837 1500
3265.306 9591.837 1500
3469.388 9591.837 1500
3673.469 9591.837 1500
3877.551 9591.837 1500
4081.633 9591.837 1500
4285.714 9591.837 1500
4489.796 9591.837 1500
4693.878 9591.837 1500
4897.959 9591.837 1500
5102.041 9591.837 1500
5306.122 9591.837 1500
5510.204 9591.837 1500
5714.286 9591.837 1500
5918.367 9591.837 1500
6122.449 9591.837 1500
6326.531 9591.837 1500
6530.612 9591.837 1500
6734.694 9591.837 1500
6938.776 9591.837 1500
7142.857 9591.837 1500
7346.939 9591.837 1500
7551.020 9591.837 1500
7755.102 9591.837 1500
7959.184 9591.837 1500
8163.265 9591.837 1500
8367.347 9591.837 1500
8571.429 9591.837 1500
8775.510 9591.837 1500
8979.592 9591.837 1500
9183.673 9591.837 1500
9387.755 9591.837 1500
9591.837 9591.837 1500
9795.918 9591.837 1500
10000.000 9591.837 1500
0.000 9795.918 1500
204.082 9795.918 1500
408.163 9795.918 1500
612.245 9795.918 1500
816.327 9795.918 1500
1020.408 9795.918 1500
1224.490 9795.918 1500
1428.571 9795.918 1500
1632.653 9795.918 1500
1836.735 9795.918 1500
2040.816 9795.918 1500
2244.898 9795.918 1500
2448.980 9795.918 1500
2653.061 9795.918 1500
2857.143 9795.918 1500
3061.224 9795.918 1500
3265.306 9795.918 1500
3469.388 9795.918 1500
3673.469 9795.918 1500
3877.551 9795.918 1500
4081.633 9795.918 1500
4285.714 9795.918 1500
4489.796 9795.918 1500
4693.878 9795.918 1500
4897.959 9795.918 1500
5102.041 9795.918 1500
5306.122 9795.918 1500
5510.204 9795.918 1500
5714.286 9795.918 1500
5918.367 9795.918 1500
6122.449 9795.918 1500
6326.531 9795.918 1500
6530.612 9795.918 1500
6734.694 9795.918 1500
6938.776 9795.918 1500
7142.857 9795.918 1500
7346.939 9795.918 1500
7551.020 9795.918 1500
7755.102 9795.918 1500
7959.184 9795.918 1500
8163.265 9795.918 1500
8367.347 9795.918 1500
8571.429 9795.918 1500
8775.510 9795.918 1500
8979.592 9795.918 1500
9183.673 9795.918 1500
9387.755 9795.918 1500
9591.837 9795.918 1500
9795.918 9795.918 1500
10000.000 9795.918 1500
0.000 10000.000 1500
204.082 10000.000 1500
408.163 10000.000 1500
612.245 10000.000 1500
816.327 10000.000 1500
1020.408 10000.000 1500
1224.490 10000.000 1500
1428.571 10000.000 1500
1632.653 10000.000 1500
1836.735 10000.000 1500
2040.816 10000.000 1500
2244.898 10000.000 1500
2448.980 10000.000 1500
2653.061 10000.000 1500
2857.143 10000.000 1500
3061.224 10000.000 1500
3265.306 10000.000 1500
3469.388 10000.000 1500
3673.469 10000.000 1500
3877.551 10000.000 1500
4081.633 10000.000 1500
4285.714 10000.000 1500
4489.796 10000.000 1500
4693.878 10000.000 1500
4897.959 10000.000 1500
5102.041 10000.000 1500
5306.122 10000.000 1500
5510.204 10000.000 1500
5714.286 10000.000 1500
5918.367 10000.000 1500
6122.449 10000.000 1500
6326.531 10000.000 1500
6530.612 10000.000 1500
6734.694 10000.000 1500
6938.776 10000.000 1500
7142.857 10000.000 1500
7346.939 10000.000 1500
7551.020 10000.000 1500
7755.102 10000.000 1500
7959.184 10000.000 1500
8163.265 10000.000 1500
8367.347 10000.000 1500
8571.429 10000.000 1500
8775.510 10000.000 1500
8979.592 10000.000 1500
9183.673 10000.000 1500
9387.755 10000.000 1500
9591.837 10000.000 1500
9795.918 10000.000 1500
10000.000 10000.000 1500
