0 0 0.000176252
0 204.082 0.000113399
0 408.163 1.65277e-05
0 612.245 -0.000111397
0 816.327 -0.000259896
0 1020.41 -0.000413231
0 1224.49 -0.000553343
0 1428.57 -0.000662803
0 1632.65 -0.000727489
0 1836.73 -0.000738637
0 2040.82 -0.000693989
0 2244.9 -0.00059786
0 2448.98 -0.000460228
0 2653.06 -0.000295066
0 2857.14 -0.000118291
0 3061.22 5.42657e-05
0 3265.31 0.000208519
0 3469.39 0.000333202
0 3673.47 0.000420344
0 3877.55 0.000465237
0 4081.63 0.000466081
0 4285.71 0.000423476
0 4489.8 0.000339922
0 4693.88 0.000219442
0 4897.96 6.74092e-05
0 5102.04 -0.000109415
0 5306.12 -0.000302746
0 5510.2 -0.000502719
0 5714.29 -0.000698037
0 5918.37 -0.000876434
0 6122.45 -0.00102541
0 6326.53 -0.00113322
0 6530.61 -0.00118997
0 6734.69 -0.00118886
0 6938.78 -0.00112721
0 7142.86 -0.00100726
0 7346.94 -0.000836415
0 7551.02 -0.000626813
0 7755.1 -0.000394201
0 7959.18 -0.00015623
0 8163.27 6.95808e-05
0 8367.35 0.000267913
0 8571.43 0.000427413
0 8775.51 0.000541867
0 8979.59 0.00061061
0 9183.67 0.000638112
0 9387.75 0.000632767
0 9591.84 0.000605033
0 9795.92 0.000565266
0 10000 0.000521733
204.082 0 0.000113399
204.082 204.082 4.19846e-05
204.082 408.163 -6.15215e-05
204.082 612.245 -0.000191873
204.082 816.327 -0.000335896
204.082 1020.41 -0.000475408
204.082 1224.49 -0.000590758
204.082 1428.57 -0.000664229
204.082 1632.65 -0.000682938
204.082 1836.73 -0.000640855
204.082 2040.82 -0.000539613
204.082 2244.9 -0.000387997
204.082 2448.98 -0.000200309
204.082 2653.06 6.00166e-06
204.082 2857.14 0.000212943
204.082 3061.22 0.000404272
204.082 3265.31 0.000567103
204.082 3469.39 0.000692624
204.082 3673.47 0.000776011
204.082 3877.55 0.000815742
204.082 4081.63 0.000812625
204.082 4285.71 0.000768836
204.082 4489.8 0.000687155
204.082 4693.88 0.000570564
204.082 4897.96 0.000422247
204.082 5102.04 0.000245982
204.082 5306.12 4.67738e-05
204.082 5510.2 -0.000168553
204.082 5714.29 -0.000390975
204.082 5918.37 -0.000609278
204.082 6122.45 -0.000810483
204.082 6326.53 -0.000980708
204.082 6530.61 -0.00110643
204.082 6734.69 -0.00117606
204.082 6938.78 -0.00118152
204.082 7142.86 -0.00111975
204.082 7346.94 -0.000993655
204.082 7551.02 -0.000812321
204.082 7755.1 -0.000590268
204.082 7959.18 -0.000345869
204.082 8163.27 -9.91393e-05
204.082 8367.35 0.000130749
204.082 8571.43 0.000327823
204.082 8775.51 0.000481146
204.082 8979.59 0.000585854
204.082 9183.67 0.00064321
204.082 9387.75 0.000659681
204.082 9591.84 0.000645166
204.082 9795.92 0.000610725
204.082 10000 0.000566306
408.163 0 1.65277e-05
408.163 204.082 -6.15215e-05
408.163 408.163 -0.000162465
408.163 612.245 -0.000277853
408.163 816.327 -0.000392268
408.163 1020.41 -0.000486767
408.163 1224.49 -0.000542793
408.163 1428.57 -0.000545699
408.163 1632.65 -0.000487475
408.163 1836.73 -0.000368264
408.163 2040.82 -0.00019636
408.163 2244.9 1.33077e-05
408.163 2448.98 0.000241793
408.163 2653.06 0.000469285
408.163 2857.14 0.000678107
408.163 3061.22 0.000854949
408.163 3265.31 0.000991981
408.163 3469.39 0.00108674
408.163 3673.47 0.00114106
408.163 3877.55 0.00115932
408.163 4081.63 0.00114672
408.163 4285.71 0.0011077
408.163 4489.8 0.00104497
408.163 4693.88 0.000959169
408.163 4897.96 0.000849131
408.163 5102.04 0.00071283
408.163 5306.12 0.000548644
408.163 5510.2 0.00035673
408.163 5714.29 0.00014019
408.163 5918.37 -9.41424e-05
408.163 6122.45 -0.000335468
408.163 6326.53 -0.000569433
408.163 6530.61 -0.000779282
408.163 6734.69 -0.000947663
408.163 6938.78 -0.00105885
408.163 7142.86 -0.00110112
408.163 7346.94 -0.00106881
408.163 7551.02 -0.000963667
408.163 7755.1 -0.000794998
408.163 7959.18 -0.000578695
408.163 8163.27 -0.000335215
408.163 8367.35 -8.68603e-05
408.163 8571.43 0.000145169
408.163 8775.51 0.000343473
408.163 8979.59 0.000496428
408.163 9183.67 0.000599129
408.163 9387.75 0.000653195
408.163 9591.84 0.000665529
408.163 9795.92 0.000646345
408.163 10000 0.000606879
612.245 0 -0.000111397
612.245 204.082 -0.000191873
612.245 408.163 -0.000277853
612.245 612.245 -0.000357147
612.245 816.327 -0.000413336
612.245 1020.41 -0.000429503
612.245 1224.49 -0.000392087
612.245 1428.57 -0.000294013
612.245 1632.65 -0.000136638
612.245 1836.73 6.98923e-05
612.245 2040.82 0.000308058
612.245 2244.9 0.000555917
612.245 2448.98 0.000790895
612.245 2653.06 0.000993599
612.245 2857.14 0.00115082
612.245 3061.22 0.00125711
612.245 3265.31 0.00131477
612.245 3469.39 0.00133232
612.245 3673.47 0.00132194
612.245 3877.55 0.00129659
612.245 4081.63 0.00126723
612.245 4285.71 0.00124093
612.245 4489.8 0.00121972
612.245 4693.88 0.0012005
612.245 4897.96 0.00117573
612.245 5102.04 0.00113489
612.245 5306.12 0.00106643
612.245 5510.2 0.000959949
612.245 5714.29 0.000808371
612.245 5918.37 0.000609748
612.245 6122.45 0.00036859
612.245 6326.53 9.63744e-05
612.245 6530.61 -0.000189029
612.245 6734.69 -0.000465053
612.245 6938.78 -0.000707106
612.245 7142.86 -0.000891938
612.245 7346.94 -0.00100114
612.245 7551.02 -0.00102408
612.245 7755.1 -0.000959672
612.245 7959.18 -0.000816656
612.245 8163.27 -0.000612342
612.245 8367.35 -0.000370056
612.245 8571.43 -0.00011573
612.245 8775.51 0.000125732
612.245 8979.59 0.000333687
612.245 9183.67 0.000494026
612.245 9387.75 0.000600261
612.245 9591.84 0.000653378
612.245 9795.92 0.000660674
612.245 10000 0.000633799
816.327 0 -0.000259896
816.327 204.082 -0.000335896
816.327 408.163 -0.000392268
816.327 612.245 -0.000413336
816.327 816.327 -0.000383933
816.327 1020.41 -0.000293074
816.327 1224.49 -0.000137134
816.327 1428.57 7.81477e-05
816.327 1632.65 0.000337336
816.327 1836.73 0.000616891
816.327 2040.82 0.000888648
816.327 2244.9 0.00112454
816.327 2448.98 0.0013015
816.327 2653.06 0.0014055
816.327 2857.14 0.00143378
816.327 3061.22 0.00139489
816.327 3265.31 0.0013067
816.327 3469.39 0.00119287
816.327 3673.47 0.00107861
816.327 3877.55 0.000986549
816.327 4081.63 0.00093356
816.327 4285.71 0.000928692
816.327 4489.8 0.000972448
816.327 4693.88 0.00105708
816.327 4897.96 0.00116768
816.327 5102.04 0.00128401
816.327 5306.12 0.00138275
816.327 5510.2 0.00144027
816.327 5714.29 0.00143552
816.327 5918.37 0.00135305
816.327 6122.45 0.00118576
816.327 6326.53 0.000936945
816.327 6530.61 0.000621007
816.327 6734.69 0.00026261
816.327 6938.78 -0.000105944
816.327 7142.86 -0.000448832
816.327 7346.94 -0.000731739
816.327 7551.02 -0.000926863
816.327 7755.1 -0.00101696
816.327 7959.18 -0.000997728
816.327 8163.27 -0.000878115
816.327 8367.35 -0.00067857
816.327 8571.43 -0.00042756
816.327 8775.51 -0.000157078
816.327 8979.59 0.000102016
816.327 9183.67 0.00032404
816.327 9387.75 0.000491413
816.327 9591.84 0.000596228
816.327 9795.92 0.000640468
816.327 10000 0.000634779
1020.41 0 -0.000413231
1020.41 204.082 -0.000475408
1020.41 408.163 -0.000486767
1020.41 612.245 -0.000429503
1020.41 816.327 -0.000293074
1020.41 1020.41 -7.73253e-05
1020.41 1224.49 0.000205813
1020.41 1428.57 0.000532442
1020.41 1632.65 0.000868974
1020.41 1836.73 0.00117657
1020.41 2040.82 0.00141727
1020.41 2244.9 0.0015605
1020.41 2448.98 0.00158872
1020.41 2653.06 0.00150058
1020.41 2857.14 0.00131122
1020.41 3061.22 0.0010495
1020.41 3265.31 0.000753134
1020.41 3469.39 0.000462676
1020.41 3673.47 0.000215823
1020.41 3877.55 4.28463e-05
1020.41 4081.63 -3.61875e-05
1020.41 4285.71 -1.24597e-05
1020.41 4489.8 0.000111887
1020.41 4693.88 0.000324764
1020.41 4897.96 0.000605431
1020.41 5102.04 0.000925973
1020.41 5306.12 0.00125306
1020.41 5510.2 0.00155027
1020.41 5714.29 0.00178111
1020.41 5918.37 0.00191291
1020.41 6122.45 0.0019212
1020.41 6326.53 0.00179395
1020.41 6530.61 0.00153464
1020.41 6734.69 0.00116337
1020.41 6938.78 0.000715306
1020.41 7142.86 0.000236583
1020.41 7346.94 -0.000221975
1020.41 7551.02 -0.000612116
1020.41 7755.1 -0.000895113
1020.41 7959.18 -0.00104714
1020.41 8163.27 -0.00106219
1020.41 8367.35 -0.000951989
1020.41 8571.43 -0.000743209
1020.41 8775.51 -0.000472447
1020.41 8979.59 -0.000180171
1020.41 9183.67 9.53815e-05
1020.41 9387.75 0.000323484
1020.41 9591.84 0.000484789
1020.41 9795.92 0.000573499
1020.41 10000 0.000597299
1224.49 0 -0.000553343
1224.49 204.082 -0.000590758
1224.49 408.163 -0.000542793
1224.49 612.245 -0.000392087
1224.49 816.327 -0.000137134
1224.49 1020.41 0.000205813
1224.49 1224.49 0.00060358
1224.49 1428.57 0.0010095
1224.49 1632.65 0.00136948
1224.49 1836.73 0.00163019
1224.49 2040.82 0.00174811
1224.49 2244.9 0.00169756
1224.49 2448.98 0.00147577
1224.49 2653.06 0.00110365
1224.49 2857.14 0.000622187
1224.49 3061.22 8.53351e-05
1224.49 3265.31 -0.000448678
1224.49 3469.39 -0.000925663
1224.49 3673.47 -0.00130173
1224.49 3877.55 -0.00154659
1224.49 4081.63 -0.00164391
1224.49 4285.71 -0.0015897
1224.49 4489.8 -0.00138988
1224.49 4693.88 -0.0010583
1224.49 4897.96 -0.000615814
1224.49 5102.04 -9.04087e-05
1224.49 5306.12 0.000482292
1224.49 5510.2 0.00105919
1224.49 5714.29 0.00159141
1224.49 5918.37 0.00202822
1224.49 6122.45 0.00232295
1224.49 6326.53 0.00244006
1224.49 6530.61 0.00236183
1224.49 6734.69 0.00209297
1224.49 6938.78 0.0016619
1224.49 7142.86 0.00111805
1224.49 7346.94 0.000525139
1224.49 7551.02 -4.79735e-05
1224.49 7755.1 -0.000537587
1224.49 7959.18 -0.000894366
1224.49 8163.27 -0.00108997
1224.49 8367.35 -0.00111996
1224.49 8571.43 -0.00100259
1224.49 8775.51 -0.000774123
1224.49 8979.59 -0.000481669
1224.49 9183.67 -0.00017495
1224.49 9387.75 0.00010164
1224.49 9591.84 0.000315704
1224.49 9795.92 0.000451463
1224.49 10000 0.000511295
1428.57 0 -0.000662803
1428.57 204.082 -0.000664229
1428.57 408.163 -0.000545699
1428.57 612.245 -0.000294013
1428.57 816.327 7.81477e-05
1428.57 1020.41 0.000532442
1428.57 1224.49 0.0010095
1428.57 1428.57 0.00143709
1428.57 1632.65 0.00174121
1428.57 1836.73 0.00185878
1428.57 2040.82 0.00174951
1428.57 2244.9 0.00140437
1428.57 2448.98 0.000848057
1428.57 2653.06 0.000134799
1428.57 2857.14 -0.000661738
1428.57 3061.22 -0.00146168
1428.57 3265.31 -0.00219204
1428.57 3469.39 -0.00279651
1428.57 3673.47 -0.00323992
1428.57 3877.55 -0.00350733
1428.57 4081.63 -0.00359879
1428.57 4285.71 -0.00352253
1428.57 4489.8 -0.00328897
1428.57 4693.88 -0.00290763
1428.57 4897.96 -0.00238773
1428.57 5102.04 -0.00174207
1428.57 5306.12 -0.000992445
1428.57 5510.2 -0.000174383
1428.57 5714.29 0.000660867
1428.57 5918.37 0.00144873
1428.57 6122.45 0.00211824
1428.57 6326.53 0.00260241
1428.57 6530.61 0.0028499
1428.57 6734.69 0.00283526
1428.57 6938.78 0.00256524
1428.57 7142.86 0.00207957
1428.57 7346.94 0.00144563
1428.57 7551.02 0.000748155
1428.57 7755.1 7.57889e-05
1428.57 7959.18 -0.000492586
1428.57 8163.27 -0.00089938
1428.57 8367.35 -0.00111552
1428.57 8571.43 -0.00114238
1428.57 8775.51 -0.00100844
1428.57 8979.59 -0.000761789
1428.57 9183.67 -0.000460058
1428.57 9387.75 -0.000159757
1428.57 9591.84 9.34851e-05
1428.57 9795.92 0.000272378
1428.57 10000 0.000371526
1632.65 0 -0.000727489
1632.65 204.082 -0.000682938
1632.65 408.163 -0.000487475
1632.65 612.245 -0.000136638
1632.65 816.327 0.000337336
1632.65 1020.41 0.000868974
1632.65 1224.49 0.00136948
1632.65 1428.57 0.00174121
1632.65 1632.65 0.00189501
1632.65 1836.73 0.0017678
1632.65 2040.82 0.00133666
1632.65 2244.9 0.0006256
1632.65 2448.98 -0.000297589
1632.65 2653.06 -0.00133415
1632.65 2857.14 -0.00237408
1632.65 3061.22 -0.0033175
1632.65 3265.31 -0.00409203
1632.65 3469.39 -0.00466182
1632.65 3673.47 -0.00502651
1632.65 3877.55 -0.0052112
1632.65 4081.63 -0.00525144
1632.65 4285.71 -0.00517777
1632.65 4489.8 -0.00500467
1632.65 4693.88 -0.00472657
1632.65 4897.96 -0.0043219
1632.65 5102.04 -0.00376372
1632.65 5306.12 -0.00303379
1632.65 5510.2 -0.00213596
1632.65 5714.29 -0.00110503
1632.65 5918.37 -8.19447e-06
1632.65 6122.45 0.00106186
1632.65 6326.53 0.00200079
1632.65 6530.61 0.00271066
1632.65 6734.69 0.00311802
1632.65 6938.78 0.00318802
1632.65 7142.86 0.00293154
1632.65 7346.94 0.00240367
1632.65 7551.02 0.00169399
1632.65 7755.1 0.000910851
1632.65 7959.18 0.000162989
1632.65 8163.27 -0.000457798
1632.65 8367.35 -0.000889715
1632.65 8571.43 -0.00110763
1632.65 8775.51 -0.00112269
1632.65 8979.59 -0.000975676
1632.65 9183.67 -0.000725847
1632.65 9387.75 -0.000437833
1632.65 9591.84 -0.000168811
1632.65 9795.92 4.19918e-05
1632.65 10000 0.000179219
1836.73 0 -0.000738637
1836.73 204.082 -0.000640855
1836.73 408.163 -0.000368264
1836.73 612.245 6.98923e-05
1836.73 816.327 0.000616891
1836.73 1020.41 0.00117657
1836.73 1224.49 0.00163019
1836.73 1428.57 0.00185878
1836.73 1632.65 0.0017678
1836.73 1836.73 0.00130965
1836.73 2040.82 0.000498365
1836.73 2244.9 -0.000588389
1836.73 2448.98 -0.00182228
1836.73 2653.06 -0.00305041
1836.73 2857.14 -0.00412843
1836.73 3061.22 -0.00495162
1836.73 3265.31 -0.00547557
1836.73 3469.39 -0.00572058
1836.73 3673.47 -0.00575922
1836.73 3877.55 -0.00569111
1836.73 4081.63 -0.00561228
1836.73 4285.71 -0.00558759
1836.73 4489.8 -0.00563303
1836.73 4693.88 -0.00571176
1836.73 4897.96 -0.00574429
1836.73 5102.04 -0.00562991
1836.73 5306.12 -0.00527389
1836.73 5510.2 -0.00461411
1836.73 5714.29 -0.0036407
1836.73 5918.37 -0.00240415
1836.73 6122.45 -0.00101013
1836.73 6326.53 0.000397749
1836.73 6530.61 0.00166343
1836.73 6734.69 0.00264657
1836.73 6938.78 0.00324736
1836.73 7142.86 0.00342334
1836.73 7346.94 0.00319473
1836.73 7551.02 0.00263799
1836.73 7755.1 0.00186931
1836.73 7959.18 0.00102221
1836.73 8163.27 0.000223867
1836.73 8367.35 -0.000425016
1836.73 8571.43 -0.000863422
1836.73 8775.51 -0.00107444
1836.73 8979.59 -0.00108109
1836.73 9183.67 -0.000935378
1836.73 9387.75 -0.000703519
1836.73 9591.84 -0.000450383
1836.73 9795.92 -0.000226051
1836.73 10000 -5.72802e-05
2040.82 0 -0.000693989
2040.82 204.082 -0.000539613
2040.82 408.163 -0.00019636
2040.82 612.245 0.000308058
2040.82 816.327 0.000888648
2040.82 1020.41 0.00141727
2040.82 1224.49 0.00174811
2040.82 1428.57 0.00174951
2040.82 1632.65 0.00133666
2040.82 1836.73 0.000498365
2040.82 2040.82 -0.000690061
2040.82 2244.9 -0.00207368
2040.82 2448.98 -0.00344617
2040.82 2653.06 -0.00459463
2040.82 2857.14 -0.00534987
2040.82 3061.22 -0.00562846
2040.82 3265.31 -0.00545403
2040.82 3469.39 -0.00495147
2040.82 3673.47 -0.00431553
2040.82 3877.55 -0.00376254
2040.82 4081.63 -0.00347813
2040.82 4285.71 -0.0035737
2040.82 4489.8 -0.00322169
2040.82 4693.88 -0.00340389
2040.82 4897.96 -0.0040384
2040.82 5102.04 -0.00488349
2040.82 5306.12 -0.00569087
2040.82 5510.2 -0.00622448
2040.82 5714.29 -0.00627679
2040.82 5918.37 -0.00564298
2040.82 6122.45 -0.00413212
2040.82 6326.53 -0.00234744
2040.82 6530.61 -0.00051078
2040.82 6734.69 0.00115342
2040.82 6938.78 0.00245646
2040.82 7142.86 0.00327496
2040.82 7346.94 0.0035667
2040.82 7551.02 0.00337047
2040.82 7755.1 0.00279153
2040.82 7959.18 0.00197649
2040.82 8163.27 0.0010837
2040.82 8367.35 0.000255162
2040.82 8571.43 -0.000404743
2040.82 8775.51 -0.000840484
2040.82 8979.59 -0.00104574
2040.82 9183.67 -0.00105438
2040.82 9387.75 -0.000925301
2040.82 9591.84 -0.00072496
2040.82 9795.92 -0.000511382
2040.82 10000 -0.000322969
2244.9 0 -0.00059786
2244.9 204.082 -0.000387997
2244.9 408.163 1.33077e-05
2244.9 612.245 0.000555917
2244.9 816.327 0.00112454
2244.9 1020.41 0.0015605
2244.9 1224.49 0.00169756
2244.9 1428.57 0.00140437
2244.9 1632.65 0.0006256
2244.9 1836.73 -0.000588389
2244.9 2040.82 -0.00207368
2244.9 2244.9 -0.00357375
2244.9 2448.98 -0.00478914
2244.9 2653.06 -0.00544661
2244.9 2857.14 -0.00537029
2244.9 3061.22 -0.00453459
2244.9 3265.31 -0.00308219
2244.9 3469.39 -0.00130064
2244.9 3673.47 0.000436932
2244.9 3877.55 0.00286468
2244.9 4081.63 0.0047457
2244.9 4285.71 0.0053764
2244.9 4489.8 0.00491468
2244.9 4693.88 0.00359066
2244.9 4897.96 0.00167419
2244.9 5102.04 -0.000548566
2244.9 5306.12 -0.00279195
2244.9 5510.2 -0.00478423
2244.9 5714.29 -0.00627873
2244.9 5918.37 -0.00706562
2244.9 6122.45 -0.00698549
2244.9 6326.53 -0.00594593
2244.9 6530.61 -0.00391344
2244.9 6734.69 -0.00154334
2244.9 6938.78 0.000579911
2244.9 7142.86 0.00222519
2244.9 7346.94 0.00325823
2244.9 7551.02 0.00365138
2244.9 7755.1 0.00347408
2244.9 7959.18 0.00286759
2244.9 8163.27 0.00201067
2244.9 8367.35 0.00108365
2244.9 8571.43 0.000238009
2244.9 8775.51 -0.000423492
2244.9 8979.59 -0.00085389
2244.9 9183.67 -0.00105703
2244.9 9387.75 -0.00107384
2244.9 9591.84 -0.000964215
2244.9 9795.92 -0.000789271
2244.9 10000 -0.000597728
2448.98 0 -0.000460228
2448.98 204.082 -0.000200309
2448.98 408.163 0.000241793
2448.98 612.245 0.000790895
2448.98 816.327 0.0013015
2448.98 1020.41 0.00158872
2448.98 1224.49 0.00147577
2448.98 1428.57 0.000848057
2448.98 1632.65 -0.000297589
2448.98 1836.73 -0.00182228
2448.98 2040.82 -0.00344617
2448.98 2244.9 -0.00478914
2448.98 2448.98 -0.00544812
2448.98 2653.06 -0.00509594
2448.98 2857.14 -0.00357598
2448.98 3061.22 -0.00096461
2448.98 3265.31 0.00241962
2448.98 3469.39 0.00694633
2448.98 3673.47 0.0115468
2448.98 3877.55 0.0145097
2448.98 4081.63 0.0158323
2448.98 4285.71 0.0156551
2448.98 4489.8 0.014208
2448.98 4693.88 0.0117713
2448.98 4897.96 0.00864854
2448.98 5102.04 0.00514817
2448.98 5306.12 0.00157206
2448.98 5510.2 -0.00179317
2448.98 5714.29 -0.00468273
2448.98 5918.37 -0.00686088
2448.98 6122.45 -0.00813013
2448.98 6326.53 -0.00834348
2448.98 6530.61 -0.00742172
2448.98 6734.69 -0.00537579
2448.98 6938.78 -0.00250636
2448.98 7142.86 8.91888e-05
2448.98 7346.94 0.00204984
2448.98 7551.02 0.00325207
2448.98 7755.1 0.00370112
2448.98 7959.18 0.00350884
2448.98 8163.27 0.00285704
2448.98 8367.35 0.00195491
2448.98 8571.43 0.000999352
2448.98 8775.51 0.000145156
2448.98 8979.59 -0.000510789
2448.98 9183.67 -0.000930877
2448.98 9387.75 -0.00112663
2448.98 9591.84 -0.00114174
2448.98 9795.92 -0.00103377
2448.98 10000 -0.000858667
2653.06 0 -0.000295066
2653.06 204.082 6.00166e-06
2653.06 408.163 0.000469285
2653.06 612.245 0.000993599
2653.06 816.327 0.0014055
2653.06 1020.41 0.00150058
2653.06 1224.49 0.00110365
2653.06 1428.57 0.000134799
2653.06 1632.65 -0.00133415
2653.06 1836.73 -0.00305041
2653.06 2040.82 -0.00459463
2653.06 2244.9 -0.00544661
2653.06 2448.98 -0.00509594
2653.06 2653.06 -0.00317455
2653.06 2857.14 0.000424098
2653.06 3061.22 0.00547585
2653.06 3265.31 0.0128447
2653.06 3469.39 0.019207
2653.06 3673.47 0.0236946
2653.06 3877.55 0.0262264
2653.06 4081.63 0.0269011
2653.06 4285.71 0.0259314
2653.06 4489.8 0.0235947
2653.06 4693.88 0.020199
2653.06 4897.96 0.0160619
2653.06 5102.04 0.0114965
2653.06 5306.12 0.00680434
2653.06 5510.2 0.00227078
2653.06 5714.29 -0.0018377
2653.06 5918.37 -0.00527713
2653.06 6122.45 -0.00783101
2653.06 6326.53 -0.00931876
2653.06 6530.61 -0.0096083
2653.06 6734.69 -0.00863474
2653.06 6938.78 -0.0064255
2653.06 7142.86 -0.00318479
2653.06 7346.94 -0.000181077
2653.06 7551.02 0.00200458
2653.06 7755.1 0.00328537
2653.06 7959.18 0.00371666
2653.06 8163.27 0.00346048
2653.06 8367.35 0.00273882
2653.06 8571.43 0.00178574
2653.06 8775.51 0.000807419
2653.06 8979.59 -4.39301e-05
2653.06 9183.67 -0.000679929
2653.06 9387.75 -0.00107184
2653.06 9591.84 -0.0012369
2653.06 9795.92 -0.00122111
2653.06 10000 -0.00108292
2857.14 0 -0.000118291
2857.14 204.082 0.000212943
2857.14 408.163 0.000678107
2857.14 612.245 0.00115082
2857.14 816.327 0.00143378
2857.14 1020.41 0.00131122
2857.14 1224.49 0.000622187
2857.14 1428.57 -0.000661738
2857.14 1632.65 -0.00237408
2857.14 1836.73 -0.00412843
2857.14 2040.82 -0.00534987
2857.14 2244.9 -0.00537029
2857.14 2448.98 -0.00357598
2857.14 2653.06 0.000424098
2857.14 2857.14 0.00665566
2857.14 3061.22 0.0161238
2857.14 3265.31 0.0244071
2857.14 3469.39 0.0307336
2857.14 3673.47 0.0348989
2857.14 3877.55 0.0369274
2857.14 4081.63 0.0369921
2857.14 4285.71 0.0353522
2857.14 4489.8 0.0323107
2857.14 4693.88 0.0281854
2857.14 4897.96 0.0232922
2857.14 5102.04 0.0179358
2857.14 5306.12 0.0124054
2857.14 5510.2 0.00697393
2857.14 5714.29 0.00189728
2857.14 5918.37 -0.00258551
2857.14 6122.45 -0.00625439
2857.14 6326.53 -0.0089128
2857.14 6530.61 -0.0103962
2857.14 6734.69 -0.010586
2857.14 6938.78 -0.00943032
2857.14 7142.86 -0.00697264
2857.14 7346.94 -0.00341214
2857.14 7551.02 -0.000150809
2857.14 7755.1 0.00211129
2857.14 7959.18 0.00334687
2857.14 8163.27 0.00367239
2857.14 8367.35 0.00330089
2857.14 8571.43 0.00248857
2857.14 8775.51 0.00148563
2857.14 8979.59 0.000499532
2857.14 9183.67 -0.000325097
2857.14 9387.75 -0.000910497
2857.14 9591.84 -0.00123779
2857.14 9795.92 -0.00133283
2857.14 10000 -0.0012504
3061.22 0 5.42657e-05
3061.22 204.082 0.000404272
3061.22 408.163 0.000854949
3061.22 612.245 0.00125711
3061.22 816.327 0.00139489
3061.22 1020.41 0.0010495
3061.22 1224.49 8.53351e-05
3061.22 1428.57 -0.00146168
3061.22 1632.65 -0.0033175
3061.22 1836.73 -0.00495162
3061.22 2040.82 -0.00562846
3061.22 2244.9 -0.00453459
3061.22 2448.98 -0.00096461
3061.22 2653.06 0.00547585
3061.22 2857.14 0.0161238
3061.22 3061.22 0.0262428
3061.22 3265.31 0.0345321
3061.22 3469.39 0.0406081
3061.22 3673.47 0.0443768
3061.22 3877.55 0.0459397
3061.22 4081.63 0.0455171
3061.22 4285.71 0.0433935
3061.22 4489.8 0.0398794
3061.22 4693.88 0.0352882
3061.22 4897.96 0.0299234
3061.22 5102.04 0.0240719
3061.22 5306.12 0.0180031
3061.22 5510.2 0.0119693
3061.22 5714.29 0.00620808
3061.22 5918.37 0.000943863
3061.22 6122.45 -0.00361123
3061.22 6326.53 -0.00725885
3061.22 6530.61 -0.00981908
3061.22 6734.69 -0.01114
3061.22 6938.78 -0.011113
3061.22 7142.86 -0.0096967
3061.22 7346.94 -0.00694993
3061.22 7551.02 -0.00312977
3061.22 7755.1 0.000171838
3061.22 7959.18 0.00232904
3061.22 8163.27 0.00338737
3061.22 8367.35 0.00352566
3061.22 8571.43 0.0030011
3061.22 8775.51 0.00209353
3061.22 8979.59 0.0010589
3061.22 9183.67 9.82016e-05
3061.22 9387.75 -0.000656657
3061.22 9591.84 -0.00114289
3061.22 9795.92 -0.00135803
3061.22 10000 -0.00134621
3265.31 0 0.000208519
3265.31 204.082 0.000567103
3265.31 408.163 0.000991981
3265.31 612.245 0.00131477
3265.31 816.327 0.0013067
3265.31 1020.41 0.000753134
3265.31 1224.49 -0.000448678
3265.31 1428.57 -0.00219204
3265.31 1632.65 -0.00409203
3265.31 1836.73 -0.00547557
3265.31 2040.82 -0.00545403
3265.31 2244.9 -0.00308219
3265.31 2448.98 0.00241962
3265.31 2653.06 0.0128447
3265.31 2857.14 0.0244071
3265.31 3061.22 0.0345321
3265.31 3265.31 0.0425958
3265.31 3469.39 0.0483314
3265.31 3673.47 0.0517259
3265.31 3877.55 0.0529304
3265.31 4081.63 0.0521909
3265.31 4285.71 0.0497987
3265.31 4489.8 0.0460588
3265.31 4693.88 0.0412701
3265.31 4897.96 0.035716
3265.31 5102.04 0.0296602
3265.31 5306.12 0.0233471
3265.31 5510.2 0.0170041
3265.31 5714.29 0.010845
3265.31 5918.37 0.00507363
3265.31 6122.45 -0.000114211
3265.31 6326.53 -0.00452898
3265.31 6530.61 -0.00798932
3265.31 6734.69 -0.0103271
3265.31 6938.78 -0.0113979
3265.31 7142.86 -0.0110986
3265.31 7346.94 -0.00939478
3265.31 7551.02 -0.00636034
3265.31 7755.1 -0.00240971
3265.31 7959.18 0.000691278
3265.31 8163.27 0.00256781
3265.31 8367.35 0.00333862
3265.31 8571.43 0.00323632
3265.31 8775.51 0.00254947
3265.31 8979.59 0.00156865
3265.31 9183.67 0.000544937
3265.31 9387.75 -0.000335426
3265.31 9591.84 -0.000961119
3265.31 9795.92 -0.00129455
3265.31 10000 -0.00136222
3469.39 0 0.000333202
3469.39 204.082 0.000692624
3469.39 408.163 0.00108674
3469.39 612.245 0.00133232
3469.39 816.327 0.00119287
3469.39 1020.41 0.000462676
3469.39 1224.49 -0.000925663
3469.39 1428.57 -0.00279651
3469.39 1632.65 -0.00466182
3469.39 1836.73 -0.00572058
3469.39 2040.82 -0.00495147
3469.39 2244.9 -0.00130064
3469.39 2448.98 0.00694633
3469.39 2653.06 0.019207
3469.39 2857.14 0.0307336
3469.39 3061.22 0.0406081
3469.39 3265.31 0.0483314
3469.39 3469.39 0.0537239
3469.39 3673.47 0.0568262
3469.39 3877.55 0.0578165
3469.39 4081.63 0.056948
3469.39 4285.71 0.0545057
3469.39 4489.8 0.0507791
3469.39 4693.88 0.0460459
3469.39 4897.96 0.0405648
3469.39 5102.04 0.0345729
3469.39 5306.12 0.0282873
3469.39 5510.2 0.0219081
3469.39 5714.29 0.0156225
3469.39 5918.37 0.00960944
3469.39 6122.45 0.00404331
3469.39 6326.53 -0.000903186
3469.39 6530.61 -0.00505778
3469.39 6734.69 -0.00825022
3469.39 6938.78 -0.0103178
3469.39 7142.86 -0.011117
3469.39 7346.94 -0.0105441
3469.39 7551.02 -0.00856773
3469.39 7755.1 -0.00527733
3469.39 7959.18 -0.00143066
3469.39 8163.27 0.00125798
3469.39 8367.35 0.00272204
3469.39 8571.43 0.00314203
3469.39 8775.51 0.00278917
3469.39 8979.59 0.00196811
3469.39 9183.67 0.000966967
3469.39 9387.75 2.07609e-05
3469.39 9591.84 -0.000710202
3469.39 9795.92 -0.0011488
3469.39 10000 -0.00129765
3673.47 0 0.000420344
3673.47 204.082 0.000776011
3673.47 408.163 0.00114106
3673.47 612.245 0.00132194
3673.47 816.327 0.00107861
3673.47 1020.41 0.000215823
3673.47 1224.49 -0.00130173
3673.47 1428.57 -0.00323992
3673.47 1632.65 -0.00502651
3673.47 1836.73 -0.00575922
3673.47 2040.82 -0.00431553
3673.47 2244.9 0.000436932
3673.47 2448.98 0.0115468
3673.47 2653.06 0.0236946
3673.47 2857.14 0.0348989
3673.47 3061.22 0.0443768
3673.47 3265.31 0.0517259
3673.47 3469.39 0.0568262
3673.47 3673.47 0.0597488
3673.47 3877.55 0.0606806
3673.47 4081.63 0.0598681
3673.47 4285.71 0.0575804
3673.47 4489.8 0.0540845
3673.47 4693.88 0.049633
3673.47 4897.96 0.0444572
3673.47 5102.04 0.038766
3673.47 5306.12 0.0327484
3673.47 5510.2 0.0265762
3673.47 5714.29 0.0204088
3673.47 5918.37 0.0143984
3673.47 6122.45 0.00869403
3673.47 6326.53 0.00344633
3673.47 6530.61 -0.00118944
3673.47 6734.69 -0.00505185
3673.47 6938.78 -0.00797441
3673.47 7142.86 -0.00979157
3673.47 7346.94 -0.0103519
3673.47 7551.02 -0.00954309
3673.47 7755.1 -0.0073321
3673.47 7959.18 -0.00380381
3673.47 8163.27 -0.000416521
3673.47 8367.35 0.00172095
3673.47 8571.43 0.00271011
3673.47 8775.51 0.00277565
3673.47 8979.59 0.00221033
3673.47 9183.67 0.00132001
3673.47 9387.75 0.000376972
3673.47 9591.84 -0.00041376
3673.47 9795.92 -0.000934287
3673.47 10000 -0.00115859
3877.55 0 0.000465237
3877.55 204.082 0.000815742
3877.55 408.163 0.00115932
3877.55 612.245 0.00129659
3877.55 816.327 0.000986549
3877.55 1020.41 4.28463e-05
3877.55 1224.49 -0.00154659
3877.55 1428.57 -0.00350733
3877.55 1632.65 -0.0052112
3877.55 1836.73 -0.00569111
3877.55 2040.82 -0.00376254
3877.55 2244.9 0.00286468
3877.55 2448.98 0.0145097
3877.55 2653.06 0.0262264
3877.55 2857.14 0.0369274
3877.55 3061.22 0.0459397
3877.55 3265.31 0.0529304
3877.55 3469.39 0.0578165
3877.55 3673.47 0.0606806
3877.55 3877.55 0.0617038
3877.55 4081.63 0.0611163
3877.55 4285.71 0.0591639
3877.55 4489.8 0.0560874
3877.55 4693.88 0.0521113
3877.55 4897.96 0.0474385
3877.55 5102.04 0.0422497
3877.55 5306.12 0.0367055
3877.55 5510.2 0.0309497
3877.55 5714.29 0.0251138
3877.55 5918.37 0.019322
3877.55 6122.45 0.0136962
3877.55 6326.53 0.00836132
3877.55 6530.61 0.00344984
3877.55 6734.69 -0.000893932
3877.55 6938.78 -0.00451126
3877.55 7142.86 -0.0072296
3877.55 7346.94 -0.00886881
3877.55 7551.02 -0.00925723
3877.55 7755.1 -0.00826312
3877.55 7959.18 -0.00584926
3877.55 8163.27 -0.002265
3877.55 8367.35 0.000437281
3877.55 8571.43 0.00197758
3877.55 8775.51 0.00250416
3877.55 8979.59 0.00226847
3877.55 9183.67 0.00156976
3877.55 9387.75 0.000700778
3877.55 9591.84 -9.77118e-05
3877.55 9795.92 -0.000669287
3877.55 10000 -0.000956684
4081.63 0 0.000466081
4081.63 204.082 0.000812625
4081.63 408.163 0.00114672
4081.63 612.245 0.00126723
4081.63 816.327 0.00093356
4081.63 1020.41 -3.61875e-05
4081.63 1224.49 -0.00164391
4081.63 1428.57 -0.00359879
4081.63 1632.65 -0.00525144
4081.63 1836.73 -0.00561228
4081.63 2040.82 -0.00347813
4081.63 2244.9 0.0047457
4081.63 2448.98 0.0158323
4081.63 2653.06 0.0269011
4081.63 2857.14 0.0369921
4081.63 3061.22 0.0455171
4081.63 3265.31 0.0521909
4081.63 3469.39 0.056948
4081.63 3673.47 0.0598681
4081.63 3877.55 0.0611163
4081.63 4081.63 0.0608989
4081.63 4285.71 0.0594339
4081.63 4489.8 0.0569332
4081.63 4693.88 0.0535921
4081.63 4897.96 0.049585
4081.63 5102.04 0.0450647
4081.63 5306.12 0.0401641
4081.63 5510.2 0.0349996
4081.63 5714.29 0.0296752
4081.63 5918.37 0.0242872
4081.63 6122.45 0.0189292
4081.63 6326.53 0.0136979
4081.63 6530.61 0.00869909
4081.63 6734.69 0.00405388
4081.63 6938.78 -9.56917e-05
4081.63 7142.86 -0.00358213
4081.63 7346.94 -0.00621221
4081.63 7551.02 -0.007774
4081.63 7755.1 -0.00805851
4081.63 7959.18 -0.00690384
4081.63 8163.27 -0.00406148
4081.63 8367.35 -0.000987063
4081.63 8571.43 0.0010193
4081.63 8775.51 0.00200127
4081.63 8979.59 0.00213842
4081.63 9183.67 0.001696
4081.63 9387.75 0.000966446
4081.63 9591.84 0.000213264
4081.63 9795.92 -0.000374246
4081.63 10000 -0.000707347
4285.71 0 0.000423476
4285.71 204.082 0.000768836
4285.71 408.163 0.0011077
4285.71 612.245 0.00124093
4285.71 816.327 0.000928692
4285.71 1020.41 -1.24597e-05
4285.71 1224.49 -0.0015897
4285.71 1428.57 -0.00352253
4285.71 1632.65 -0.00517777
4285.71 1836.73 -0.00558759
4285.71 2040.82 -0.0035737
4285.71 2244.9 0.0053764
4285.71 2448.98 0.0156551
4285.71 2653.06 0.0259314
4285.71 2857.14 0.0353522
4285.71 3061.22 0.0433935
4285.71 3265.31 0.0497987
4285.71 3469.39 0.0545057
4285.71 3673.47 0.0575804
4285.71 3877.55 0.0591639
4285.71 4081.63 0.0594339
4285.71 4285.71 0.0585779
4285.71 4489.8 0.0567771
4285.71 4693.88 0.0541975
4285.71 4897.96 0.0509851
4285.71 5102.04 0.0472654
4285.71 5306.12 0.0431449
4285.71 5510.2 0.0387136
4285.71 5714.29 0.0340484
4285.71 5918.37 0.0292181
4285.71 6122.45 0.0242874
4285.71 6326.53 0.0193238
4285.71 6530.61 0.0144035
4285.71 6734.69 0.00961979
4285.71 6938.78 0.00509148
4285.71 7142.86 0.000971511
4285.71 7346.94 -0.00254608
4285.71 7551.02 -0.00522491
4285.71 7755.1 -0.00679714
4285.71 7959.18 -0.00699626
4285.71 8163.27 -0.00558324
4285.71 8367.35 -0.00239523
4285.71 8571.43 -6.61876e-05
4285.71 8775.51 0.00131856
4285.71 8979.59 0.00183759
4285.71 9183.67 0.00169422
4285.71 9387.75 0.00115773
4285.71 9591.84 0.000498655
4285.71 9795.92 -6.92311e-05
4285.71 10000 -0.00042781
4489.8 0 0.000339922
4489.8 204.082 0.000687155
4489.8 408.163 0.00104497
4489.8 612.245 0.00121972
4489.8 816.327 0.000972448
4489.8 1020.41 0.000111887
4489.8 1224.49 -0.00138988
4489.8 1428.57 -0.00328897
4489.8 1632.65 -0.00500467
4489.8 1836.73 -0.00563303
4489.8 2040.82 -0.00322169
4489.8 2244.9 0.00491468
4489.8 2448.98 0.014208
4489.8 2653.06 0.0235947
4489.8 2857.14 0.0323107
4489.8 3061.22 0.0398794
4489.8 3265.31 0.0460588
4489.8 3469.39 0.0507791
4489.8 3673.47 0.0540845
4489.8 3877.55 0.0560874
4489.8 4081.63 0.0569332
4489.8 4285.71 0.0567771
4489.8 4489.8 0.0557694
4489.8 4693.88 0.0540461
4489.8 4897.96 0.0517259
4489.8 5102.04 0.0489079
4489.8 5306.12 0.045673
4489.8 5510.2 0.0420856
4489.8 5714.29 0.0381967
4489.8 5918.37 0.0340476
4489.8 6122.45 0.0296746
4489.8 6326.53 0.0251146
4489.8 6530.61 0.0204129
4489.8 6734.69 0.0156316
4489.8 6938.78 0.0108612
4489.8 7142.86 0.00623347
4489.8 7346.94 0.00193346
4489.8 7551.02 -0.00179023
4489.8 7755.1 -0.00462593
4489.8 7959.18 -0.00621934
4489.8 8163.27 -0.00623027
4489.8 8367.35 -0.00364349
4489.8 8571.43 -0.00117472
4489.8 8775.51 0.000522439
4489.8 8979.59 0.00140045
4489.8 9183.67 0.00157475
4489.8 9387.75 0.00126901
4489.8 9591.84 0.000744098
4489.8 9795.92 0.000228166
4489.8 10000 -0.000135268
4693.88 0 0.000219442
4693.88 204.082 0.000570564
4693.88 408.163 0.000959169
4693.88 612.245 0.0012005
4693.88 816.327 0.00105708
4693.88 1020.41 0.000324764
4693.88 1224.49 -0.0010583
4693.88 1428.57 -0.00290763
4693.88 1632.65 -0.00472657
4693.88 1836.73 -0.00571176
4693.88 2040.82 -0.00340389
4693.88 2244.9 0.00359066
4693.88 2448.98 0.0117713
4693.88 2653.06 0.020199
4693.88 2857.14 0.0281854
4693.88 3061.22 0.0352882
4693.88 3265.31 0.0412701
4693.88 3469.39 0.0460459
4693.88 3673.47 0.049633
4693.88 3877.55 0.0521113
4693.88 4081.63 0.0535921
4693.88 4285.71 0.0541975
4693.88 4489.8 0.0540461
4693.88 4693.88 0.0532451
4693.88 4897.96 0.0518859
4693.88 5102.04 0.0500419
4693.88 5306.12 0.0477695
4693.88 5510.2 0.0451083
4693.88 5714.29 0.042084
4693.88 5918.37 0.0387111
4693.88 6122.45 0.0349972
4693.88 6326.53 0.0309488
4693.88 6530.61 0.0265784
4693.88 6734.69 0.0219151
4693.88 6938.78 0.0170179
4693.88 7142.86 0.0119919
4693.88 7346.94 0.00700655
4693.88 7551.02 0.00231363
4693.88 7755.1 -0.00174253
4693.88 7959.18 -0.00473305
4693.88 8163.27 -0.00618865
4693.88 8367.35 -0.00462659
4693.88 8571.43 -0.0022143
4693.88 8775.51 -0.000317243
4693.88 8979.59 0.000872022
4693.88 9183.67 0.00135992
4693.88 9387.75 0.0013048
4693.88 9591.84 0.000942209
4693.88 9795.92 0.000504241
4693.88 10000 0.000154616
4897.96 0 6.74092e-05
4897.96 204.082 0.000422247
4897.96 408.163 0.000849131
4897.96 612.245 0.00117573
4897.96 816.327 0.00116768
4897.96 1020.41 0.000605431
4897.96 1224.49 -0.000615814
4897.96 1428.57 -0.00238773
4897.96 1632.65 -0.0043219
4897.96 1836.73 -0.00574429
4897.96 2040.82 -0.0040384
4897.96 2244.9 0.00167419
4897.96 2448.98 0.00864854
4897.96 2653.06 0.0160619
4897.96 2857.14 0.0232922
4897.96 3061.22 0.0299234
4897.96 3265.31 0.035716
4897.96 3469.39 0.0405648
4897.96 3673.47 0.0444572
4897.96 3877.55 0.0474385
4897.96 4081.63 0.049585
4897.96 4285.71 0.0509851
4897.96 4489.8 0.0517259
4897.96 4693.88 0.0518859
4897.96 4897.96 0.0515296
4897.96 5102.04 0.0507058
4897.96 5306.12 0.0494464
4897.96 5510.2 0.0477673
4897.96 5714.29 0.0456692
4897.96 5918.37 0.0431402
4897.96 6122.45 0.0401594
4897.96 6326.53 0.0367023
4897.96 6530.61 0.0327482
4897.96 6734.69 0.0282918
4897.96 6938.78 0.0233581
4897.96 7142.86 0.0180225
4897.96 7346.94 0.0124344
4897.96 7551.02 0.00684273
4897.96 7755.1 0.00161714
4897.96 7959.18 -0.00274778
4897.96 8163.27 -0.00566376
4897.96 8367.35 -0.00529476
4897.96 8571.43 -0.00311884
4897.96 8775.51 -0.0011374
4897.96 8979.59 0.000301141
4897.96 9183.67 0.00108009
4897.96 9387.75 0.00127796
4897.96 9591.84 0.00109232
4897.96 9795.92 0.000749789
4897.96 10000 0.000428719
5102.04 0 -0.000109415
5102.04 204.082 0.000245982
5102.04 408.163 0.00071283
5102.04 612.245 0.00113489
5102.04 816.327 0.00128401
5102.04 1020.41 0.000925973
5102.04 1224.49 -9.04087e-05
5102.04 1428.57 -0.00174207
5102.04 1632.65 -0.00376372
5102.04 1836.73 -0.00562991
5102.04 2040.82 -0.00488349
5102.04 2244.9 -0.000548566
5102.04 2448.98 0.00514817
5102.04 2653.06 0.0114965
5102.04 2857.14 0.0179358
5102.04 3061.22 0.0240719
5102.04 3265.31 0.0296602
5102.04 3469.39 0.0345729
5102.04 3673.47 0.038766
5102.04 3877.55 0.0422497
5102.04 4081.63 0.0450647
5102.04 4285.71 0.0472654
5102.04 4489.8 0.0489079
5102.04 4693.88 0.0500419
5102.04 4897.96 0.0507058
5102.04 5102.04 0.0509235
5102.04 5306.12 0.0507034
5102.04 5510.2 0.0500374
5102.04 5714.29 0.0489017
5102.04 5918.37 0.0472582
5102.04 6122.45 0.0450575
5102.04 6326.53 0.0422439
5102.04 6530.61 0.0387631
5102.04 6734.69 0.0345746
5102.04 6938.78 0.0296682
5102.04 7142.86 0.0240881
5102.04 7346.94 0.0179611
5102.04 7551.02 0.0115307
5102.04 7755.1 0.00518817
5102.04 7959.18 -0.00051067
5102.04 8163.27 -0.00486414
5102.04 8367.35 -0.00565879
5102.04 8571.43 -0.00385477
5102.04 8775.51 -0.00188839
5102.04 8979.59 -0.000265285
5102.04 9183.67 0.000769498
5102.04 9387.75 0.00120719
5102.04 9591.84 0.00119933
5102.04 9795.92 0.000959955
5102.04 10000 0.000676892
5306.12 0 -0.000302746
5306.12 204.082 4.67738e-05
5306.12 408.163 0.000548644
5306.12 612.245 0.00106643
5306.12 816.327 0.00138275
5306.12 1020.41 0.00125306
5306.12 1224.49 0.000482292
5306.12 1428.57 -0.000992445
5306.12 1632.65 -0.00303379
5306.12 1836.73 -0.00527389
5306.12 2040.82 -0.00569087
5306.12 2244.9 -0.00279195
5306.12 2448.98 0.00157206
5306.12 2653.06 0.00680434
5306.12 2857.14 0.0124054
5306.12 3061.22 0.0180031
5306.12 3265.31 0.0233471
5306.12 3469.39 0.0282873
5306.12 3673.47 0.0327484
5306.12 3877.55 0.0367055
5306.12 4081.63 0.0401641
5306.12 4285.71 0.0431449
5306.12 4489.8 0.045673
5306.12 4693.88 0.0477695
5306.12 4897.96 0.0494464
5306.12 5102.04 0.0507034
5306.12 5306.12 0.0515248
5306.12 5510.2 0.0518789
5306.12 5714.29 0.0517172
5306.12 5918.37 0.0509754
5306.12 6122.45 0.0495753
5306.12 6326.53 0.04743
5306.12 6530.61 0.0444515
5306.12 6734.69 0.0405636
5306.12 6938.78 0.035721
5306.12 7142.86 0.0299363
5306.12 7346.94 0.023314
5306.12 7551.02 0.0160921
5306.12 7755.1 0.00868375
5306.12 7959.18 0.00170614
5306.12 8163.27 -0.00402665
5306.12 8367.35 -0.00578158
5306.12 8571.43 -0.00441932
5306.12 8775.51 -0.00253609
5306.12 8979.59 -0.000785874
5306.12 9183.67 0.000462667
5306.12 9387.75 0.00111421
5306.12 9591.84 0.00127196
5306.12 9795.92 0.00113346
5306.12 10000 0.000891871
5510.2 0 -0.000502719
5510.2 204.082 -0.000168553
5510.2 408.163 0.00035673
5510.2 612.245 0.000959949
5510.2 816.327 0.00144027
5510.2 1020.41 0.00155027
5510.2 1224.49 0.00105919
5510.2 1428.57 -0.000174383
5510.2 1632.65 -0.00213596
5510.2 1836.73 -0.00461411
5510.2 2040.82 -0.00622448
5510.2 2244.9 -0.00478423
5510.2 2448.98 -0.00179317
5510.2 2653.06 0.00227078
5510.2 2857.14 0.00697393
5510.2 3061.22 0.0119693
5510.2 3265.31 0.0170041
5510.2 3469.39 0.0219081
5510.2 3673.47 0.0265762
5510.2 3877.55 0.0309497
5510.2 4081.63 0.0349996
5510.2 4285.71 0.0387136
5510.2 4489.8 0.0420856
5510.2 4693.88 0.0451083
5510.2 4897.96 0.0477673
5510.2 5102.04 0.0500374
5510.2 5306.12 0.0518789
5510.2 5510.2 0.0532359
5510.2 5714.29 0.0540351
5510.2 5918.37 0.0541855
5510.2 6122.45 0.05358
5510.2 6326.53 0.0521004
5510.2 6530.61 0.0496248
5510.2 6734.69 0.046042
5510.2 6938.78 0.0412725
5510.2 7142.86 0.0352983
5510.2 7346.94 0.028204
5510.2 7551.02 0.0202256
5510.2 7755.1 0.0118021
5510.2 7959.18 0.00361683
5510.2 8163.27 -0.00340013
5510.2 8367.35 -0.00575835
5510.2 8571.43 -0.0048315
5510.2 8775.51 -0.00305974
5510.2 8979.59 -0.00122629
5510.2 9183.67 0.0001915
5510.2 9387.75 0.00102095
5510.2 9591.84 0.00132071
5510.2 9795.92 0.00127143
5510.2 10000 0.00106881
5714.29 0 -0.000698037
5714.29 204.082 -0.000390975
5714.29 408.163 0.00014019
5714.29 612.245 0.000808371
5714.29 816.327 0.00143552
5714.29 1020.41 0.00178111
5714.29 1224.49 0.00159141
5714.29 1428.57 0.000660867
5714.29 1632.65 -0.00110503
5714.29 1836.73 -0.0036407
5714.29 2040.82 -0.00627679
5714.29 2244.9 -0.00627873
5714.29 2448.98 -0.00468273
5714.29 2653.06 -0.0018377
5714.29 2857.14 0.00189728
5714.29 3061.22 0.00620808
5714.29 3265.31 0.010845
5714.29 3469.39 0.0156225
5714.29 3673.47 0.0204088
5714.29 3877.55 0.0251138
5714.29 4081.63 0.0296752
5714.29 4285.71 0.0340484
5714.29 4489.8 0.0381967
5714.29 4693.88 0.042084
5714.29 4897.96 0.0456692
5714.29 5102.04 0.0489017
5714.29 5306.12 0.0517172
5714.29 5510.2 0.0540351
5714.29 5714.29 0.0557565
5714.29 5918.37 0.0567632
5714.29 6122.45 0.0569192
5714.29 6326.53 0.0560745
5714.29 6530.61 0.0540743
5714.29 6734.69 0.0507731
5714.29 6938.78 0.0460589
5714.29 7142.86 0.0398871
5714.29 7346.94 0.0323267
5714.29 7551.02 0.0236181
5714.29 7755.1 0.0142348
5714.29 7959.18 0.00493518
5714.29 8163.27 -0.00322656
5714.29 8367.35 -0.00568983
5714.29 8571.43 -0.00511848
5714.29 8775.51 -0.00344702
5714.29 8979.59 -0.00155918
5714.29 9183.67 -1.68168e-05
5714.29 9387.75 0.000947021
5714.29 9591.84 0.00135572
5714.29 9795.92 0.00137595
5714.29 10000 0.00120451
5918.37 0 -0.000876434
5918.37 204.082 -0.000609278
5918.37 408.163 -9.41424e-05
5918.37 612.245 0.000609748
5918.37 816.327 0.00135305
5918.37 1020.41 0.00191291
5918.37 1224.49 0.00202822
5918.37 1428.57 0.00144873
5918.37 1632.65 -8.19447e-06
5918.37 1836.73 -0.00240415
5918.37 2040.82 -0.00564298
5918.37 2244.9 -0.00706562
5918.37 2448.98 -0.00686088
5918.37 2653.06 -0.00527713
5918.37 2857.14 -0.00258551
5918.37 3061.22 0.000943863
5918.37 3265.31 0.00507363
5918.37 3469.39 0.00960944
5918.37 3673.47 0.0143984
5918.37 3877.55 0.019322
5918.37 4081.63 0.0242872
5918.37 4285.71 0.0292181
5918.37 4489.8 0.0340476
5918.37 4693.88 0.0387111
5918.37 4897.96 0.0431402
5918.37 5102.04 0.0472582
5918.37 5306.12 0.0509754
5918.37 5510.2 0.0541855
5918.37 5714.29 0.0567632
5918.37 5918.37 0.0585628
5918.37 6122.45 0.0594186
5918.37 6326.53 0.0591497
5918.37 6530.61 0.0575688
5918.37 6734.69 0.0544984
5918.37 6938.78 0.0497974
5918.37 7142.86 0.0433998
5918.37 7346.94 0.0353666
5918.37 7551.02 0.0259528
5918.37 7755.1 0.0156788
5918.37 7959.18 0.00539169
5918.37 8163.27 -0.0035878
5918.37 8367.35 -0.00565498
5918.37 8571.43 -0.00530141
5918.37 8775.51 -0.00368841
5918.37 8979.59 -0.00176354
5918.37 9183.67 -0.000141492
5918.37 9387.75 0.000907385
5918.37 9591.84 0.00138478
5918.37 9795.92 0.00144873
5918.37 10000 0.00129672
6122.45 0 -0.00102541
6122.45 204.082 -0.000810483
6122.45 408.163 -0.000335468
6122.45 612.245 0.00036859
6122.45 816.327 0.00118576
6122.45 1020.41 0.0019212
6122.45 1224.49 0.00232295
6122.45 1428.57 0.00211824
6122.45 1632.65 0.00106186
6122.45 1836.73 -0.00101013
6122.45 2040.82 -0.00413212
6122.45 2244.9 -0.00698549
6122.45 2448.98 -0.00813013
6122.45 2653.06 -0.00783101
6122.45 2857.14 -0.00625439
6122.45 3061.22 -0.00361123
6122.45 3265.31 -0.000114211
6122.45 3469.39 0.00404331
6122.45 3673.47 0.00869403
6122.45 3877.55 0.0136962
6122.45 4081.63 0.0189292
6122.45 4285.71 0.0242874
6122.45 4489.8 0.0296746
6122.45 4693.88 0.0349972
6122.45 4897.96 0.0401594
6122.45 5102.04 0.0450575
6122.45 5306.12 0.0495753
6122.45 5510.2 0.05358
6122.45 5714.29 0.0569192
6122.45 5918.37 0.0594186
6122.45 6122.45 0.0608833
6122.45 6326.53 0.0611018
6122.45 6530.61 0.0598563
6122.45 6734.69 0.0569404
6122.45 6938.78 0.0521894
6122.45 7142.86 0.0455232
6122.45 7346.94 0.0370061
6122.45 7551.02 0.0269218
6122.45 7755.1 0.0158543
6122.45 7959.18 0.00475693
6122.45 8163.27 -0.00350143
6122.45 8367.35 -0.00568946
6122.45 8571.43 -0.00538475
6122.45 8775.51 -0.00377335
6122.45 8979.59 -0.0018246
6122.45 9183.67 -0.000169566
6122.45 9387.75 0.00091063
6122.45 9591.84 0.00141186
6122.45 9795.92 0.00149012
6122.45 10000 0.00134353
6326.53 0 -0.00113322
6326.53 204.082 -0.000980708
6326.53 408.163 -0.000569433
6326.53 612.245 9.63744e-05
6326.53 816.327 0.000936945
6326.53 1020.41 0.00179395
6326.53 1224.49 0.00244006
6326.53 1428.57 0.00260241
6326.53 1632.65 0.00200079
6326.53 1836.73 0.000397749
6326.53 2040.82 -0.00234744
6326.53 2244.9 -0.00594593
6326.53 2448.98 -0.00834348
6326.53 2653.06 -0.00931876
6326.53 2857.14 -0.0089128
6326.53 3061.22 -0.00725885
6326.53 3265.31 -0.00452898
6326.53 3469.39 -0.000903186
6326.53 3673.47 0.00344633
6326.53 3877.55 0.00836132
6326.53 4081.63 0.0136979
6326.53 4285.71 0.0193238
6326.53 4489.8 0.0251146
6326.53 4693.88 0.0309488
6326.53 4897.96 0.0367023
6326.53 5102.04 0.0422439
6326.53 5306.12 0.04743
6326.53 5510.2 0.0521004
6326.53 5714.29 0.0560745
6326.53 5918.37 0.0591497
6326.53 6122.45 0.0611018
6326.53 6326.53 0.0616904
6326.53 6530.61 0.0606698
6326.53 6734.69 0.0578101
6326.53 6938.78 0.0529303
6326.53 7142.86 0.0459473
6326.53 7346.94 0.0369432
6326.53 7551.02 0.0262487
6326.53 7755.1 0.0145325
6326.53 7959.18 0.00287421
6326.53 8163.27 -0.00379227
6326.53 8367.35 -0.0057756
6326.53 8571.43 -0.0053523
6326.53 8775.51 -0.00368972
6326.53 8979.59 -0.00173473
6326.53 9183.67 -9.7288e-05
6326.53 9387.75 0.000957751
6326.53 9591.84 0.00143628
6326.53 9795.92 0.00149863
6326.53 10000 0.00134326
6530.61 0 -0.00118997
6530.61 204.082 -0.00110643
6530.61 408.163 -0.000779282
6530.61 612.245 -0.000189029
6530.61 816.327 0.000621007
6530.61 1020.41 0.00153464
6530.61 1224.49 0.00236183
6530.61 1428.57 0.0028499
6530.61 1632.65 0.00271066
6530.61 1836.73 0.00166343
6530.61 2040.82 -0.00051078
6530.61 2244.9 -0.00391344
6530.61 2448.98 -0.00742172
6530.61 2653.06 -0.0096083
6530.61 2857.14 -0.0103962
6530.61 3061.22 -0.00981908
6530.61 3265.31 -0.00798932
6530.61 3469.39 -0.00505778
6530.61 3673.47 -0.00118944
6530.61 3877.55 0.00344984
6530.61 4081.63 0.00869909
6530.61 4285.71 0.0144035
6530.61 4489.8 0.0204129
6530.61 4693.88 0.0265784
6530.61 4897.96 0.0327482
6530.61 5102.04 0.0387631
6530.61 5306.12 0.0444515
6530.61 5510.2 0.0496248
6530.61 5714.29 0.0540743
6530.61 5918.37 0.0575688
6530.61 6122.45 0.0598563
6530.61 6326.53 0.0606698
6530.61 6530.61 0.0597409
6530.61 6734.69 0.0568229
6530.61 6938.78 0.0517292
6530.61 7142.86 0.0443885
6530.61 7346.94 0.0349192
6530.61 7551.02 0.0237219
6530.61 7755.1 0.0115742
6530.61 7959.18 0.000447806
6530.61 8163.27 -0.00434721
6530.61 8367.35 -0.00584663
6530.61 8571.43 -0.00517142
6530.61 8775.51 -0.00342709
6530.61 8979.59 -0.00149573
6530.61 9183.67 6.86584e-05
6530.61 9387.75 0.00104166
6530.61 9591.84 0.00145269
6530.61 9795.92 0.00147116
6530.61 10000 0.00129468
6734.69 0 -0.00118886
6734.69 204.082 -0.00117606
6734.69 408.163 -0.000947663
6734.69 612.245 -0.000465053
6734.69 816.327 0.00026261
6734.69 1020.41 0.00116337
6734.69 1224.49 0.00209297
6734.69 1428.57 0.00283526
6734.69 1632.65 0.00311802
6734.69 1836.73 0.00264657
6734.69 2040.82 0.00115342
6734.69 2244.9 -0.00154334
6734.69 2448.98 -0.00537579
6734.69 2653.06 -0.00863474
6734.69 2857.14 -0.010586
6734.69 3061.22 -0.01114
6734.69 3265.31 -0.0103271
6734.69 3469.39 -0.00825022
6734.69 3673.47 -0.00505185
6734.69 3877.55 -0.000893932
6734.69 4081.63 0.00405388
6734.69 4285.71 0.00961979
6734.69 4489.8 0.0156316
6734.69 4693.88 0.0219151
6734.69 4897.96 0.0282918
6734.69 5102.04 0.0345746
6734.69 5306.12 0.0405636
6734.69 5510.2 0.046042
6734.69 5714.29 0.0507731
6734.69 5918.37 0.0544984
6734.69 6122.45 0.0569404
6734.69 6326.53 0.0578101
6734.69 6530.61 0.0568229
6734.69 6734.69 0.0537257
6734.69 6938.78 0.0483406
6734.69 7142.86 0.0406266
6734.69 7346.94 0.0307621
6734.69 7551.02 0.0192439
6734.69 7755.1 0.00698425
6734.69 7959.18 -0.00128503
6734.69 8163.27 -0.00497913
6734.69 8367.35 -0.00580472
6734.69 8571.43 -0.00480455
6734.69 8775.51 -0.00298317
6734.69 8979.59 -0.00112158
6734.69 9183.67 0.000310536
6734.69 9387.75 0.00114764
6734.69 9591.84 0.00145186
6734.69 9795.92 0.00140378
6734.69 10000 0.00119763
6938.78 0 -0.00112721
6938.78 204.082 -0.00118152
6938.78 408.163 -0.00105885
6938.78 612.245 -0.000707106
6938.78 816.327 -0.000105944
6938.78 1020.41 0.000715306
6938.78 1224.49 0.0016619
6938.78 1428.57 0.00256524
6938.78 1632.65 0.00318802
6938.78 1836.73 0.00324736
6938.78 2040.82 0.00245646
6938.78 2244.9 0.000579911
6938.78 2448.98 -0.00250636
6938.78 2653.06 -0.0064255
6938.78 2857.14 -0.00943032
6938.78 3061.22 -0.011113
6938.78 3265.31 -0.0113979
6938.78 3469.39 -0.0103178
6938.78 3673.47 -0.00797441
6938.78 3877.55 -0.00451126
6938.78 4081.63 -9.56917e-05
6938.78 4285.71 0.00509148
6938.78 4489.8 0.0108612
6938.78 4693.88 0.0170179
6938.78 4897.96 0.0233581
6938.78 5102.04 0.0296682
6938.78 5306.12 0.035721
6938.78 5510.2 0.0412725
6938.78 5714.29 0.0460589
6938.78 5918.37 0.0497974
6938.78 6122.45 0.0521894
6938.78 6326.53 0.0529303
6938.78 6530.61 0.0517292
6938.78 6734.69 0.0483406
6938.78 6938.78 0.0426135
6938.78 7142.86 0.0345609
6938.78 7346.94 0.0244483
6938.78 7551.02 0.0128973
6938.78 7755.1 0.00247123
6938.78 7959.18 -0.00305594
6938.78 8163.27 -0.005471
6938.78 8367.35 -0.00554917
6938.78 8571.43 -0.0042251
6938.78 8775.51 -0.00237113
6938.78 8979.59 -0.000640558
6938.78 9183.67 0.000600139
6938.78 9387.75 0.00125497
6938.78 9591.84 0.00142241
6938.78 9795.92 0.00129301
6938.78 10000 0.00105391
7142.86 0 -0.00100726
7142.86 204.082 -0.00111975
7142.86 408.163 -0.00110112
7142.86 612.245 -0.000891938
7142.86 816.327 -0.000448832
7142.86 1020.41 0.000236583
7142.86 1224.49 0.00111805
7142.86 1428.57 0.00207957
7142.86 1632.65 0.00293154
7142.86 1836.73 0.00342334
7142.86 2040.82 0.00327496
7142.86 2244.9 0.00222519
7142.86 2448.98 8.91888e-05
7142.86 2653.06 -0.00318479
7142.86 2857.14 -0.00697264
7142.86 3061.22 -0.0096967
7142.86 3265.31 -0.0110986
7142.86 3469.39 -0.011117
7142.86 3673.47 -0.00979157
7142.86 3877.55 -0.0072296
7142.86 4081.63 -0.00358213
7142.86 4285.71 0.000971511
7142.86 4489.8 0.00623347
7142.86 4693.88 0.0119919
7142.86 4897.96 0.0180225
7142.86 5102.04 0.0240881
7142.86 5306.12 0.0299363
7142.86 5510.2 0.0352983
7142.86 5714.29 0.0398871
7142.86 5918.37 0.0433998
7142.86 6122.45 0.0455232
7142.86 6326.53 0.0459473
7142.86 6530.61 0.0443885
7142.86 6734.69 0.0406266
7142.86 6938.78 0.0345609
7142.86 7142.86 0.0262854
7142.86 7346.94 0.0161831
7142.86 7551.02 0.00554958
7142.86 7755.1 -0.000898506
7142.86 7959.18 -0.00449279
7142.86 8163.27 -0.00562861
7142.86 8367.35 -0.00500752
7142.86 8571.43 -0.00343312
7142.86 8775.51 -0.00162537
7142.86 8979.59 -9.54588e-05
7142.86 9183.67 0.000901084
7142.86 9387.75 0.00133973
7142.86 9591.84 0.00135313
7142.86 9795.92 0.00113747
7142.86 10000 0.000868099
7346.94 0 -0.000836415
7346.94 204.082 -0.000993655
7346.94 408.163 -0.00106881
7346.94 612.245 -0.00100114
7346.94 816.327 -0.000731739
7346.94 1020.41 -0.000221975
7346.94 1224.49 0.000525139
7346.94 1428.57 0.00144563
7346.94 1632.65 0.00240367
7346.94 1836.73 0.00319473
7346.94 2040.82 0.0035667
7346.94 2244.9 0.00325823
7346.94 2448.98 0.00204984
7346.94 2653.06 -0.000181077
7346.94 2857.14 -0.00341214
7346.94 3061.22 -0.00694993
7346.94 3265.31 -0.00939478
7346.94 3469.39 -0.0105441
7346.94 3673.47 -0.0103519
7346.94 3877.55 -0.00886881
7346.94 4081.63 -0.00621221
7346.94 4285.71 -0.00254608
7346.94 4489.8 0.00193346
7346.94 4693.88 0.00700655
7346.94 4897.96 0.0124344
7346.94 5102.04 0.0179611
7346.94 5306.12 0.023314
7346.94 5510.2 0.028204
7346.94 5714.29 0.0323267
7346.94 5918.37 0.0353666
7346.94 6122.45 0.0370061
7346.94 6326.53 0.0369432
7346.94 6530.61 0.0349192
7346.94 6734.69 0.0307621
7346.94 6938.78 0.0244483
7346.94 7142.86 0.0161831
7346.94 7346.94 0.0067367
7346.94 7551.02 0.000511167
7346.94 7755.1 -0.00349466
7346.94 7959.18 -0.00531063
7346.94 8163.27 -0.00532927
7346.94 8367.35 -0.0041612
7346.94 8571.43 -0.00246568
7346.94 8775.51 -0.000802937
7346.94 8979.59 0.000459274
7346.94 9183.67 0.0011729
7346.94 9387.75 0.00137852
7346.94 9591.84 0.00123564
7346.94 9795.92 0.000939409
7346.94 10000 0.000648291
7551.02 0 -0.000626813
7551.02 204.082 -0.000812321
7551.02 408.163 -0.000963667
7551.02 612.245 -0.00102408
7551.02 816.327 -0.000926863
7551.02 1020.41 -0.000612116
7551.02 1224.49 -4.79735e-05
7551.02 1428.57 0.000748155
7551.02 1632.65 0.00169399
7551.02 1836.73 0.00263799
7551.02 2040.82 0.00337047
7551.02 2244.9 0.00365138
7551.02 2448.98 0.00325207
7551.02 2653.06 0.00200458
7551.02 2857.14 -0.000150809
7551.02 3061.22 -0.00312977
7551.02 3265.31 -0.00636034
7551.02 3469.39 -0.00856773
7551.02 3673.47 -0.00954309
7551.02 3877.55 -0.00925723
7551.02 4081.63 -0.007774
7551.02 4285.71 -0.00522491
7551.02 4489.8 -0.00179023
7551.02 4693.88 0.00231363
7551.02 4897.96 0.00684273
7551.02 5102.04 0.0115307
7551.02 5306.12 0.0160921
7551.02 5510.2 0.0202256
7551.02 5714.29 0.0236181
7551.02 5918.37 0.0259528
7551.02 6122.45 0.0269218
7551.02 6326.53 0.0262487
7551.02 6530.61 0.0237219
7551.02 6734.69 0.0192439
7551.02 6938.78 0.0128973
7551.02 7142.86 0.00554958
7551.02 7346.94 0.000511167
7551.02 7551.02 -0.00307934
7551.02 7755.1 -0.00500302
7551.02 7959.18 -0.00537092
7551.02 8163.27 -0.0045532
7551.02 8367.35 -0.00305812
7551.02 8571.43 -0.0013982
7551.02 8775.51 2.06784e-05
7551.02 8979.59 0.000963468
7551.02 9183.67 0.00137648
7551.02 9387.75 0.00135243
7551.02 9591.84 0.00106676
7551.02 9795.92 0.000705682
7551.02 10000 0.000406169
7755.1 0 -0.000394201
7755.1 204.082 -0.000590268
7755.1 408.163 -0.000794998
7755.1 612.245 -0.000959672
7755.1 816.327 -0.00101696
7755.1 1020.41 -0.000895113
7755.1 1224.49 -0.000537587
7755.1 1428.57 7.57889e-05
7755.1 1632.65 0.000910851
7755.1 1836.73 0.00186931
7755.1 2040.82 0.00279153
7755.1 2244.9 0.00347408
7755.1 2448.98 0.00370112
7755.1 2653.06 0.00328537
7755.1 2857.14 0.00211129
7755.1 3061.22 0.000171838
7755.1 3265.31 -0.00240971
7755.1 3469.39 -0.00527733
7755.1 3673.47 -0.0073321
7755.1 3877.55 -0.00826312
7755.1 4081.63 -0.00805851
7755.1 4285.71 -0.00679714
7755.1 4489.8 -0.00462593
7755.1 4693.88 -0.00174253
7755.1 4897.96 0.00161714
7755.1 5102.04 0.00518817
7755.1 5306.12 0.00868375
7755.1 5510.2 0.0118021
7755.1 5714.29 0.0142348
7755.1 5918.37 0.0156788
7755.1 6122.45 0.0158543
7755.1 6326.53 0.0145325
7755.1 6530.61 0.0115742
7755.1 6734.69 0.00698425
7755.1 6938.78 0.00247123
7755.1 7142.86 -0.000898506
7755.1 7346.94 -0.00349466
7755.1 7551.02 -0.00500302
7755.1 7755.1 -0.00535248
7755.1 7959.18 -0.00470447
7755.1 8163.27 -0.00338894
7755.1 8367.35 -0.0018079
7755.1 8571.43 -0.000335159
7755.1 8775.51 0.000761472
7755.1 8979.59 0.0013596
7755.1 9183.67 0.00148
7755.1 9387.75 0.00125055
7755.1 9591.84 0.000850051
7755.1 9795.92 0.000447973
7755.1 10000 0.000156468
7959.18 0 -0.00015623
7959.18 204.082 -0.000345869
7959.18 408.163 -0.000578695
7959.18 612.245 -0.000816656
7959.18 816.327 -0.000997728
7959.18 1020.41 -0.00104714
7959.18 1224.49 -0.000894366
7959.18 1428.57 -0.000492586
7959.18 1632.65 0.000162989
7959.18 1836.73 0.00102221
7959.18 2040.82 0.00197649
7959.18 2244.9 0.00286759
7959.18 2448.98 0.00350884
7959.18 2653.06 0.00371666
7959.18 2857.14 0.00334687
7959.18 3061.22 0.00232904
7959.18 3265.31 0.000691278
7959.18 3469.39 -0.00143066
7959.18 3673.47 -0.00380381
7959.18 3877.55 -0.00584926
7959.18 4081.63 -0.00690384
7959.18 4285.71 -0.00699626
7959.18 4489.8 -0.00621934
7959.18 4693.88 -0.00473305
7959.18 4897.96 -0.00274778
7959.18 5102.04 -0.00051067
7959.18 5306.12 0.00170614
7959.18 5510.2 0.00361683
7959.18 5714.29 0.00493518
7959.18 5918.37 0.00539169
7959.18 6122.45 0.00475693
7959.18 6326.53 0.00287421
7959.18 6530.61 0.000447806
7959.18 6734.69 -0.00128503
7959.18 6938.78 -0.00305594
7959.18 7142.86 -0.00449279
7959.18 7346.94 -0.00531063
7959.18 7551.02 -0.00537092
7959.18 7755.1 -0.00470447
7959.18 7959.18 -0.00349226
7959.18 8163.27 -0.00201107
7959.18 8367.35 -0.000560408
7959.18 8571.43 0.000607994
7959.18 8775.51 0.00134057
7959.18 8979.59 0.00160195
7959.18 9183.67 0.00146423
7959.18 9387.75 0.00107229
7959.18 9591.84 0.000596083
7959.18 9795.92 0.000181958
7959.18 10000 -8.43251e-05
8163.27 0 6.95808e-05
8163.27 204.082 -9.91393e-05
8163.27 408.163 -0.000335215
8163.27 612.245 -0.000612342
8163.27 816.327 -0.000878115
8163.27 1020.41 -0.00106219
8163.27 1224.49 -0.00108997
8163.27 1428.57 -0.00089938
8163.27 1632.65 -0.000457798
8163.27 1836.73 0.000223867
8163.27 2040.82 0.0010837
8163.27 2244.9 0.00201067
8163.27 2448.98 0.00285704
8163.27 2653.06 0.00346048
8163.27 2857.14 0.00367239
8163.27 3061.22 0.00338737
8163.27 3265.31 0.00256781
8163.27 3469.39 0.00125798
8163.27 3673.47 -0.000416521
8163.27 3877.55 -0.002265
8163.27 4081.63 -0.00406148
8163.27 4285.71 -0.00558324
8163.27 4489.8 -0.00623027
8163.27 4693.88 -0.00618865
8163.27 4897.96 -0.00566376
8163.27 5102.04 -0.00486414
8163.27 5306.12 -0.00402665
8163.27 5510.2 -0.00340013
8163.27 5714.29 -0.00322656
8163.27 5918.37 -0.0035878
8163.27 6122.45 -0.00350143
8163.27 6326.53 -0.00379227
8163.27 6530.61 -0.00434721
8163.27 6734.69 -0.00497913
8163.27 6938.78 -0.005471
8163.27 7142.86 -0.00562861
8163.27 7346.94 -0.00532927
8163.27 7551.02 -0.0045532
8163.27 7755.1 -0.00338894
8163.27 7959.18 -0.00201107
8163.27 8163.27 -0.00063666
8163.27 8367.35 0.000526743
8163.27 8571.43 0.00132742
8163.27 8775.51 0.00169857
8163.27 8979.59 0.00166464
8163.27 9183.67 0.00132604
8163.27 9387.75 0.000827947
8163.27 9591.84 0.000321428
8163.27 9795.92 -7.44523e-05
8163.27 10000 -0.00029984
8367.35 0 0.000267913
8367.35 204.082 0.000130749
8367.35 408.163 -8.68603e-05
8367.35 612.245 -0.000370056
8367.35 816.327 -0.00067857
8367.35 1020.41 -0.000951989
8367.35 1224.49 -0.00111996
8367.35 1428.57 -0.00111552
8367.35 1632.65 -0.000889715
8367.35 1836.73 -0.000425016
8367.35 2040.82 0.000255162
8367.35 2244.9 0.00108365
8367.35 2448.98 0.00195491
8367.35 2653.06 0.00273882
8367.35 2857.14 0.00330089
8367.35 3061.22 0.00352566
8367.35 3265.31 0.00333862
8367.35 3469.39 0.00272204
8367.35 3673.47 0.00172095
8367.35 3877.55 0.000437281
8367.35 4081.63 -0.000987063
8367.35 4285.71 -0.00239523
8367.35 4489.8 -0.00364349
8367.35 4693.88 -0.00462659
8367.35 4897.96 -0.00529476
8367.35 5102.04 -0.00565879
8367.35 5306.12 -0.00578158
8367.35 5510.2 -0.00575835
8367.35 5714.29 -0.00568983
8367.35 5918.37 -0.00565498
8367.35 6122.45 -0.00568946
8367.35 6326.53 -0.0057756
8367.35 6530.61 -0.00584663
8367.35 6734.69 -0.00580472
8367.35 6938.78 -0.00554917
8367.35 7142.86 -0.00500752
8367.35 7346.94 -0.0041612
8367.35 7551.02 -0.00305812
8367.35 7755.1 -0.0018079
8367.35 7959.18 -0.000560408
8367.35 8163.27 0.000526743
8367.35 8367.35 0.00132293
8367.35 8571.43 0.00175216
8367.35 8775.51 0.00180701
8367.35 8979.59 0.00154647
8367.35 9183.67 0.00107923
8367.35 9387.75 0.000537446
8367.35 9591.84 4.64275e-05
8367.35 9795.92 -0.000303478
8367.35 10000 -0.000475918
8571.43 0 0.000427413
8571.43 204.082 0.000327823
8571.43 408.163 0.000145169
8571.43 612.245 -0.00011573
8571.43 816.327 -0.00042756
8571.43 1020.41 -0.000743209
8571.43 1224.49 -0.00100259
8571.43 1428.57 -0.00114238
8571.43 1632.65 -0.00110763
8571.43 1836.73 -0.000863422
8571.43 2040.82 -0.000404743
8571.43 2244.9 0.000238009
8571.43 2448.98 0.000999352
8571.43 2653.06 0.00178574
8571.43 2857.14 0.00248857
8571.43 3061.22 0.0030011
8571.43 3265.31 0.00323632
8571.43 3469.39 0.00314203
8571.43 3673.47 0.00271011
8571.43 3877.55 0.00197758
8571.43 4081.63 0.0010193
8571.43 4285.71 -6.61876e-05
8571.43 4489.8 -0.00117472
8571.43 4693.88 -0.0022143
8571.43 4897.96 -0.00311884
8571.43 5102.04 -0.00385477
8571.43 5306.12 -0.00441932
8571.43 5510.2 -0.0048315
8571.43 5714.29 -0.00511848
8571.43 5918.37 -0.00530141
8571.43 6122.45 -0.00538475
8571.43 6326.53 -0.0053523
8571.43 6530.61 -0.00517142
8571.43 6734.69 -0.00480455
8571.43 6938.78 -0.0042251
8571.43 7142.86 -0.00343312
8571.43 7346.94 -0.00246568
8571.43 7551.02 -0.0013982
8571.43 7755.1 -0.000335159
8571.43 7959.18 0.000607994
8571.43 8163.27 0.00132742
8571.43 8367.35 0.00175216
8571.43 8571.43 0.00185848
8571.43 8775.51 0.00167412
8571.43 8979.59 0.00127158
8571.43 9183.67 0.000752601
8571.43 9387.75 0.000227377
8571.43 9591.84 -0.000207714
8571.43 9795.92 -0.000489916
8571.43 10000 -0.000602471
8775.51 0 0.000541867
8775.51 204.082 0.000481146
8775.51 408.163 0.000343473
8775.51 612.245 0.000125732
8775.51 816.327 -0.000157078
8775.51 1020.41 -0.000472447
8775.51 1224.49 -0.000774123
8775.51 1428.57 -0.00100844
8775.51 1632.65 -0.00112269
8775.51 1836.73 -0.00107444
8775.51 2040.82 -0.000840484
8775.51 2244.9 -0.000423492
8775.51 2448.98 0.000145156
8775.51 2653.06 0.000807419
8775.51 2857.14 0.00148563
8775.51 3061.22 0.00209353
8775.51 3265.31 0.00254947
8775.51 3469.39 0.00278917
8775.51 3673.47 0.00277565
8775.51 3877.55 0.00250416
8775.51 4081.63 0.00200127
8775.51 4285.71 0.00131856
8775.51 4489.8 0.000522439
8775.51 4693.88 -0.000317243
8775.51 4897.96 -0.0011374
8775.51 5102.04 -0.00188839
8775.51 5306.12 -0.00253609
8775.51 5510.2 -0.00305974
8775.51 5714.29 -0.00344702
8775.51 5918.37 -0.00368841
8775.51 6122.45 -0.00377335
8775.51 6326.53 -0.00368972
8775.51 6530.61 -0.00342709
8775.51 6734.69 -0.00298317
8775.51 6938.78 -0.00237113
8775.51 7142.86 -0.00162537
8775.51 7346.94 -0.000802937
8775.51 7551.02 2.06784e-05
8775.51 7755.1 0.000761472
8775.51 7959.18 0.00134057
8775.51 8163.27 0.00169857
8775.51 8367.35 0.00180701
8775.51 8571.43 0.00167412
8775.51 8775.51 0.00134339
8775.51 8979.59 0.000885502
8775.51 9183.67 0.000385417
8775.51 9387.75 -7.29431e-05
8775.51 9591.84 -0.000421946
8775.51 9795.92 -0.000623185
8775.51 10000 -0.00067474
8979.59 0 0.00061061
8979.59 204.082 0.000585854
8979.59 408.163 0.000496428
8979.59 612.245 0.000333687
8979.59 816.327 0.000102016
8979.59 1020.41 -0.000180171
8979.59 1224.49 -0.000481669
8979.59 1428.57 -0.000761789
8979.59 1632.65 -0.000975676
8979.59 1836.73 -0.00108109
8979.59 2040.82 -0.00104574
8979.59 2244.9 -0.00085389
8979.59 2448.98 -0.000510789
8979.59 2653.06 -4.39301e-05
8979.59 2857.14 0.000499532
8979.59 3061.22 0.0010589
8979.59 3265.31 0.00156865
8979.59 3469.39 0.00196811
8979.59 3673.47 0.00221033
8979.59 3877.55 0.00226847
8979.59 4081.63 0.00213842
8979.59 4285.71 0.00183759
8979.59 4489.8 0.00140045
8979.59 4693.88 0.000872022
8979.59 4897.96 0.000301141
8979.59 5102.04 -0.000265285
8979.59 5306.12 -0.000785874
8979.59 5510.2 -0.00122629
8979.59 5714.29 -0.00155918
8979.59 5918.37 -0.00176354
8979.59 6122.45 -0.0018246
8979.59 6326.53 -0.00173473
8979.59 6530.61 -0.00149573
8979.59 6734.69 -0.00112158
8979.59 6938.78 -0.000640558
8979.59 7142.86 -9.54588e-05
8979.59 7346.94 0.000459274
8979.59 7551.02 0.000963468
8979.59 7755.1 0.0013596
8979.59 7959.18 0.00160195
8979.59 8163.27 0.00166464
8979.59 8367.35 0.00154647
8979.59 8571.43 0.00127158
8979.59 8775.51 0.000885502
8979.59 8979.59 0.000447611
8979.59 9183.67 2.1421e-05
8979.59 9387.75 -0.00033567
8979.59 9591.84 -0.000581868
8979.59 9795.92 -0.000698537
8979.59 10000 -0.000693678
9183.67 0 0.000638112
9183.67 204.082 0.00064321
9183.67 408.163 0.000599129
9183.67 612.245 0.000494026
9183.67 816.327 0.00032404
9183.67 1020.41 9.53815e-05
9183.67 1224.49 -0.00017495
9183.67 1428.57 -0.000460058
9183.67 1632.65 -0.000725847
9183.67 1836.73 -0.000935378
9183.67 2040.82 -0.00105438
9183.67 2244.9 -0.00105703
9183.67 2448.98 -0.000930877
9183.67 2653.06 -0.000679929
9183.67 2857.14 -0.000325097
9183.67 3061.22 9.82016e-05
9183.67 3265.31 0.000544937
9183.67 3469.39 0.000966967
9183.67 3673.47 0.00132001
9183.67 3877.55 0.00156976
9183.67 4081.63 0.001696
9183.67 4285.71 0.00169422
9183.67 4489.8 0.00157475
9183.67 4693.88 0.00135992
9183.67 4897.96 0.00108009
9183.67 5102.04 0.000769498
9183.67 5306.12 0.000462667
9183.67 5510.2 0.0001915
9183.67 5714.29 -1.68168e-05
9183.67 5918.37 -0.000141492
9183.67 6122.45 -0.000169566
9183.67 6326.53 -9.7288e-05
9183.67 6530.61 6.86584e-05
9183.67 6734.69 0.000310536
9183.67 6938.78 0.000600139
9183.67 7142.86 0.000901084
9183.67 7346.94 0.0011729
9183.67 7551.02 0.00137648
9183.67 7755.1 0.00148
9183.67 7959.18 0.00146423
9183.67 8163.27 0.00132604
9183.67 8367.35 0.00107923
9183.67 8571.43 0.000752601
9183.67 8775.51 0.000385417
9183.67 8979.59 2.1421e-05
9183.67 9183.67 -0.000297652
9183.67 9387.75 -0.000538106
9183.67 9591.84 -0.000679309
9183.67 9795.92 -0.000717248
9183.67 10000 -0.000665408
9387.75 0 0.000632767
9387.75 204.082 0.000659681
9387.75 408.163 0.000653195
9387.75 612.245 0.000600261
9387.75 816.327 0.000491413
9387.75 1020.41 0.000323484
9387.75 1224.49 0.00010164
9387.75 1428.57 -0.000159757
9387.75 1632.65 -0.000437833
9387.75 1836.73 -0.000703519
9387.75 2040.82 -0.000925301
9387.75 2244.9 -0.00107384
9387.75 2448.98 -0.00112663
9387.75 2653.06 -0.00107184
9387.75 2857.14 -0.000910497
9387.75 3061.22 -0.000656657
9387.75 3265.31 -0.000335426
9387.75 3469.39 2.07609e-05
9387.75 3673.47 0.000376972
9387.75 3877.55 0.000700778
9387.75 4081.63 0.000966446
9387.75 4285.71 0.00115773
9387.75 4489.8 0.00126901
9387.75 4693.88 0.0013048
9387.75 4897.96 0.00127796
9387.75 5102.04 0.00120719
9387.75 5306.12 0.00111421
9387.75 5510.2 0.00102095
9387.75 5714.29 0.000947021
9387.75 5918.37 0.000907385
9387.75 6122.45 0.00091063
9387.75 6326.53 0.000957751
9387.75 6530.61 0.00104166
9387.75 6734.69 0.00114764
9387.75 6938.78 0.00125497
9387.75 7142.86 0.00133973
9387.75 7346.94 0.00137852
9387.75 7551.02 0.00135243
9387.75 7755.1 0.00125055
9387.75 7959.18 0.00107229
9387.75 8163.27 0.000827947
9387.75 8367.35 0.000537446
9387.75 8571.43 0.000227377
9387.75 8775.51 -7.29431e-05
9387.75 8979.59 -0.00033567
9387.75 9183.67 -0.000538106
9387.75 9387.75 -0.000665505
9387.75 9591.84 -0.000712898
9387.75 9795.92 -0.000685894
9387.75 10000 -0.000599914
9591.84 0 0.000605033
9591.84 204.082 0.000645166
9591.84 408.163 0.000665529
9591.84 612.245 0.000653378
9591.84 816.327 0.000596228
9591.84 1020.41 0.000484789
9591.84 1224.49 0.000315704
9591.84 1428.57 9.34851e-05
9591.84 1632.65 -0.000168811
9591.84 1836.73 -0.000450383
9591.84 2040.82 -0.00072496
9591.84 2244.9 -0.000964215
9591.84 2448.98 -0.00114174
9591.84 2653.06 -0.0012369
9591.84 2857.14 -0.00123779
9591.84 3061.22 -0.00114289
9591.84 3265.31 -0.000961119
9591.84 3469.39 -0.000710202
9591.84 3673.47 -0.00041376
9591.84 3877.55 -9.77118e-05
9591.84 4081.63 0.000213264
9591.84 4285.71 0.000498655
9591.84 4489.8 0.000744098
9591.84 4693.88 0.000942209
9591.84 4897.96 0.00109232
9591.84 5102.04 0.00119933
9591.84 5306.12 0.00127196
9591.84 5510.2 0.00132071
9591.84 5714.29 0.00135572
9591.84 5918.37 0.00138478
9591.84 6122.45 0.00141186
9591.84 6326.53 0.00143628
9591.84 6530.61 0.00145269
9591.84 6734.69 0.00145186
9591.84 6938.78 0.00142241
9591.84 7142.86 0.00135313
9591.84 7346.94 0.00123564
9591.84 7551.02 0.00106676
9591.84 7755.1 0.000850051
9591.84 7959.18 0.000596083
9591.84 8163.27 0.000321428
9591.84 8367.35 4.64275e-05
9591.84 8571.43 -0.000207714
9591.84 8775.51 -0.000421946
9591.84 8979.59 -0.000581868
9591.84 9183.67 -0.000679309
9591.84 9387.75 -0.000712898
9591.84 9591.84 -0.000687832
9591.84 9795.92 -0.000614991
9591.84 10000 -0.000509289
9795.92 0 0.000565266
9795.92 204.082 0.000610725
9795.92 408.163 0.000646345
9795.92 612.245 0.000660674
9795.92 816.327 0.000640468
9795.92 1020.41 0.000573499
9795.92 1224.49 0.000451463
9795.92 1428.57 0.000272378
9795.92 1632.65 4.19918e-05
9795.92 1836.73 -0.000226051
9795.92 2040.82 -0.000511382
9795.92 2244.9 -0.000789271
9795.92 2448.98 -0.00103377
9795.92 2653.06 -0.00122111
9795.92 2857.14 -0.00133283
9795.92 3061.22 -0.00135803
9795.92 3265.31 -0.00129455
9795.92 3469.39 -0.0011488
9795.92 3673.47 -0.000934287
9795.92 3877.55 -0.000669287
9795.92 4081.63 -0.000374246
9795.92 4285.71 -6.92311e-05
9795.92 4489.8 0.000228166
9795.92 4693.88 0.000504241
9795.92 4897.96 0.000749789
9795.92 5102.04 0.000959955
9795.92 5306.12 0.00113346
9795.92 5510.2 0.00127143
9795.92 5714.29 0.00137595
9795.92 5918.37 0.00144873
9795.92 6122.45 0.00149012
9795.92 6326.53 0.00149863
9795.92 6530.61 0.00147116
9795.92 6734.69 0.00140378
9795.92 6938.78 0.00129301
9795.92 7142.86 0.00113747
9795.92 7346.94 0.000939409
9795.92 7551.02 0.000705682
9795.92 7755.1 0.000447973
9795.92 7959.18 0.000181958
9795.92 8163.27 -7.44523e-05
9795.92 8367.35 -0.000303478
9795.92 8571.43 -0.000489916
9795.92 8775.51 -0.000623185
9795.92 8979.59 -0.000698537
9795.92 9183.67 -0.000717248
9795.92 9387.75 -0.000685894
9795.92 9591.84 -0.000614991
9795.92 9795.92 -0.000517286
9795.92 10000 -0.00040581
10000 0 0.000521733
10000 204.082 0.000566306
10000 408.163 0.000606879
10000 612.245 0.000633799
10000 816.327 0.000634779
10000 1020.41 0.000597299
10000 1224.49 0.000511295
10000 1428.57 0.000371526
10000 1632.65 0.000179219
10000 1836.73 -5.72802e-05
10000 2040.82 -0.000322969
10000 2244.9 -0.000597728
10000 2448.98 -0.000858667
10000 2653.06 -0.00108292
10000 2857.14 -0.0012504
10000 3061.22 -0.00134621
10000 3265.31 -0.00136222
10000 3469.39 -0.00129765
10000 3673.47 -0.00115859
10000 3877.55 -0.000956684
10000 4081.63 -0.000707347
10000 4285.71 -0.00042781
10000 4489.8 -0.000135268
10000 4693.88 0.000154616
10000 4897.96 0.000428719
10000 5102.04 0.000676892
10000 5306.12 0.000891871
10000 5510.2 0.00106881
10000 5714.29 0.00120451
10000 5918.37 0.00129672
10000 6122.45 0.00134353
10000 6326.53 0.00134326
10000 6530.61 0.00129468
10000 6734.69 0.00119763
10000 6938.78 0.00105391
10000 7142.86 0.000868099
10000 7346.94 0.000648291
10000 7551.02 0.000406169
10000 7755.1 0.000156468
10000 7959.18 -8.43251e-05
10000 8163.27 -0.00029984
10000 8367.35 -0.000475918
10000 8571.43 -0.000602471
10000 8775.51 -0.00067474
10000 8979.59 -0.000693678
10000 9183.67 -0.000665408
10000 9387.75 -0.000599914
10000 9591.84 -0.000509289
10000 9795.92 -0.00040581
10000 10000 -0.000300111
