0 0 2.56296e-05
0 204.082 -2.02047e-05
0 408.163 -2.97712e-05
0 612.245 -7.14202e-06
0 816.327 3.6234e-05
0 1020.41 8.79978e-05
0 1224.49 0.00014022
0 1428.57 0.00019169
0 1632.65 0.000246965
0 1836.73 0.000313046
0 2040.82 0.000395429
0 2244.9 0.000495181
0 2448.98 0.000607885
0 2653.06 0.000724379
0 2857.14 0.000832616
0 3061.22 0.000919935
0 3265.31 0.000975385
0 3469.39 0.000991897
0 3673.47 0.000967838
0 3877.55 0.000907361
0 4081.63 0.000819595
0 4285.71 0.000717259
0 4489.8 0.000615106
0 4693.88 0.000528128
0 4897.96 0.000469342
0 5102.04 0.000447665
0 5306.12 0.000466605
0 5510.2 0.000523772
0 5714.29 0.000610934
0 5918.37 0.000715038
0 6122.45 0.000820308
0 6326.53 0.000910705
0 6530.61 0.000972202
0 6734.69 0.000994891
0 6938.78 0.000974792
0 7142.86 0.000914771
0 7346.94 0.000823867
0 7551.02 0.00071501
0 7755.1 0.000601919
0 7959.18 0.000496034
0 8163.27 0.000404042
0 8367.35 0.000326652
0 8571.43 0.000259329
0 8775.51 0.000195212
0 8979.59 0.000129543
0 9183.67 6.38508e-05
0 9387.75 7.56088e-06
0 9591.84 -2.46228e-05
0 9795.92 -1.9265e-05
0 10000 2.81252e-05
204.082 0 -2.02047e-05
204.082 204.082 -6.38806e-05
204.082 408.163 -6.46818e-05
204.082 612.245 -3.10703e-05
204.082 816.327 1.92056e-05
204.082 1020.41 6.80988e-05
204.082 1224.49 0.000104425
204.082 1428.57 0.000126667
204.082 1632.65 0.000141345
204.082 1836.73 0.000158373
204.082 2040.82 0.000185746
204.082 2244.9 0.000225757
204.082 2448.98 0.000273828
204.082 2653.06 0.000319773
204.082 2857.14 0.000350582
204.082 3061.22 0.000353568
204.082 3265.31 0.000319175
204.082 3469.39 0.000243115
204.082 3673.47 0.000127504
204.082 3877.55 -1.9383e-05
204.082 4081.63 -0.000184574
204.082 4285.71 -0.000352383
204.082 4489.8 -0.000506261
204.082 4693.88 -0.000630427
204.082 4897.96 -0.000711657
204.082 5102.04 -0.000741038
204.082 5306.12 -0.00071501
204.082 5510.2 -0.000635786
204.082 5714.29 -0.000511468
204.082 5918.37 -0.000355349
204.082 6122.45 -0.000184196
204.082 6326.53 -1.61334e-05
204.082 6530.61 0.000131583
204.082 6734.69 0.000245104
204.082 6938.78 0.000316481
204.082 7142.86 0.000345233
204.082 7346.94 0.000338154
204.082 7551.02 0.000307236
204.082 7755.1 0.000266364
204.082 7959.18 0.000227586
204.082 8163.27 0.000197759
204.082 8367.35 0.00017664
204.082 8571.43 0.000157519
204.082 8775.51 0.000130779
204.082 8979.59 8.95532e-05
204.082 9183.67 3.52574e-05
204.082 9387.75 -2.00216e-05
204.082 9591.84 -5.65063e-05
204.082 9795.92 -5.49412e-05
204.082 10000 -6.65888e-06
408.163 0 -2.97712e-05
408.163 204.082 -6.46818e-05
408.163 408.163 -5.22313e-05
408.163 612.245 -6.31298e-06
408.163 816.327 4.8511e-05
408.163 1020.41 8.85933e-05
408.163 1224.49 0.00010016
408.163 1428.57 8.24344e-05
408.163 1632.65 4.50345e-05
408.163 1836.73 1.7197e-06
408.163 2040.82 -3.64205e-05
408.163 2244.9 -6.55464e-05
408.163 2448.98 -9.01219e-05
408.163 2653.06 -0.000120787
408.163 2857.14 -0.000170418
408.163 3061.22 -0.000250038
408.163 3265.31 -0.000365773
408.163 3469.39 -0.000517315
408.163 3673.47 -0.000697916
408.163 3877.55 -0.000895776
408.163 4081.63 -0.00109636
408.163 4285.71 -0.00128483
408.163 4489.8 -0.00144769
408.163 4693.88 -0.0015736
408.163 4897.96 -0.00165377
408.163 5102.04 -0.00168248
408.163 5306.12 -0.0016573
408.163 5510.2 -0.00157922
408.163 5714.29 -0.00145309
408.163 5918.37 -0.00128784
408.163 6122.45 -0.00109599
408.163 6326.53 -0.000892779
408.163 6530.61 -0.000694752
408.163 6734.69 -0.000517261
408.163 6938.78 -0.000371516
408.163 7142.86 -0.000262191
408.163 7346.94 -0.000186628
408.163 7551.02 -0.000135982
408.163 7755.1 -9.8119e-05
408.163 7959.18 -6.16773e-05
408.163 8163.27 -2.02765e-05
408.163 8367.35 2.47075e-05
408.163 8571.43 6.43496e-05
408.163 8775.51 8.60494e-05
408.163 8979.59 8.02023e-05
408.163 9183.67 4.70363e-05
408.163 9387.75 -3.89944e-08
408.163 9591.84 -3.74065e-05
408.163 9795.92 -4.06382e-05
408.163 10000 3.4714e-06
612.245 0 -7.14202e-06
612.245 204.082 -3.10703e-05
612.245 408.163 -6.31298e-06
612.245 612.245 4.76436e-05
612.245 816.327 0.000100183
612.245 1020.41 0.000123581
612.245 1224.49 0.000103482
612.245 1428.57 4.19713e-05
612.245 1632.65 -4.64388e-05
612.245 1836.73 -0.000143024
612.245 2040.82 -0.000233265
612.245 2244.9 -0.000311971
612.245 2448.98 -0.000383688
612.245 2653.06 -0.000459179
612.245 2857.14 -0.000550042
612.245 3061.22 -0.000663823
612.245 3265.31 -0.000801294
612.245 3469.39 -0.000956341
612.245 3673.47 -0.00111796
612.245 3877.55 -0.00127343
612.245 4081.63 -0.00141159
612.245 4285.71 -0.00152526
612.245 4489.8 -0.00161173
612.245 4693.88 -0.00167164
612.245 4897.96 -0.00170705
612.245 5102.04 -0.00171977
612.245 5306.12 -0.00171004
612.245 5510.2 -0.00167623
612.245 5714.29 -0.0016158
612.245 5918.37 -0.00152693
612.245 6122.45 -0.00141027
612.245 6326.53 -0.00127033
612.245 6530.61 -0.00111594
612.245 6734.69 -0.000958787
612.245 6938.78 -0.000810616
612.245 7142.86 -0.000679906
612.245 7346.94 -0.000569475
612.245 7551.02 -0.000475809
612.245 7755.1 -0.000390638
612.245 7959.18 -0.000304661
612.245 8163.27 -0.000212342
612.245 8367.35 -0.00011577
612.245 8571.43 -2.54416e-05
612.245 8775.51 4.32482e-05
612.245 8979.59 7.72049e-05
612.245 9183.67 7.36518e-05
612.245 9387.75 4.46875e-05
612.245 9591.84 1.48998e-05
612.245 9795.92 1.15838e-05
612.245 10000 5.15313e-05
816.327 0 3.6234e-05
816.327 204.082 1.92056e-05
816.327 408.163 4.8511e-05
816.327 612.245 0.000100183
816.327 816.327 0.000139907
816.327 1020.41 0.000139056
816.327 1224.49 8.60879e-05
816.327 1428.57 -1.11215e-05
816.327 1632.65 -0.000131328
816.327 1836.73 -0.000250453
816.327 2040.82 -0.000351491
816.327 2244.9 -0.00042953
816.327 2448.98 -0.000490584
816.327 2653.06 -0.000545884
816.327 2857.14 -0.000604827
816.327 3061.22 -0.000669706
816.327 3265.31 -0.000734217
816.327 3469.39 -0.000785849
816.327 3673.47 -0.000810788
816.327 3877.55 -0.000799366
816.327 4081.63 -0.000750193
816.327 4285.71 -0.000671589
816.327 4489.8 -0.000579818
816.327 4693.88 -0.000494882
816.327 4897.96 -0.000435529
816.327 5102.04 -0.000414816
816.327 5306.12 -0.000437043
816.327 5510.2 -0.000496808
816.327 5714.29 -0.000580547
816.327 5918.37 -0.000669965
816.327 6122.45 -0.000746393
816.327 6326.53 -0.000795277
816.327 6530.61 -0.000809589
816.327 6734.69 -0.000790806
816.327 6938.78 -0.000747055
816.327 7142.86 -0.000689183
816.327 7346.94 -0.000626255
816.327 7551.02 -0.000562118
816.327 7755.1 -0.000494479
816.327 7959.18 -0.000417248
816.327 8163.27 -0.000325371
816.327 8367.35 -0.000219947
816.327 8571.43 -0.000110851
816.327 8775.51 -1.47136e-05
816.327 8979.59 5.1884e-05
816.327 9183.67 8.12365e-05
816.327 9387.75 8.05452e-05
816.327 9591.84 7.09406e-05
816.327 9795.92 7.84888e-05
816.327 10000 0.000120963
1020.41 0 8.79978e-05
1020.41 204.082 6.80988e-05
1020.41 408.163 8.85933e-05
1020.41 612.245 0.000123581
1020.41 816.327 0.000139056
1020.41 1020.41 0.000110148
1020.41 1224.49 3.23609e-05
1020.41 1428.57 -7.79386e-05
1020.41 1632.65 -0.00019238
1020.41 1836.73 -0.000283552
1020.41 2040.82 -0.000335672
1020.41 2244.9 -0.000348187
1020.41 2448.98 -0.000331614
1020.41 2653.06 -0.000298772
1020.41 2857.14 -0.000256043
1020.41 3061.22 -0.000198584
1020.41 3265.31 -0.000111351
1020.41 3469.39 2.48251e-05
1020.41 3673.47 0.000224789
1020.41 3877.55 0.000491429
1020.41 4081.63 0.000811488
1020.41 4285.71 0.00115621
1020.41 4489.8 0.00148644
1020.41 4693.88 0.00176037
1020.41 4897.96 0.00194142
1020.41 5102.04 0.00200491
1020.41 5306.12 0.00194235
1020.41 5510.2 0.00176283
1020.41 5714.29 0.00149116
1020.41 5918.37 0.00116319
1020.41 6122.45 0.000819447
1020.41 6326.53 0.000497641
1020.41 6530.61 0.000225786
1020.41 6734.69 1.77425e-05
1020.41 6938.78 -0.000127164
1020.41 7142.86 -0.000220408
1020.41 7346.94 -0.000277774
1020.41 7551.02 -0.00031245
1020.41 7755.1 -0.000330346
1020.41 7959.18 -0.000329583
1020.41 8163.27 -0.000304392
1020.41 8367.35 -0.000251451
1020.41 8571.43 -0.000175304
1020.41 8775.51 -8.9461e-05
1020.41 8979.59 -1.16093e-05
1020.41 9183.67 4.50476e-05
1020.41 9387.75 7.93383e-05
1020.41 9591.84 0.000103574
1020.41 9795.92 0.000136966
1020.41 10000 0.000194022
1224.49 0 0.00014022
1224.49 204.082 0.000104425
1224.49 408.163 0.00010016
1224.49 612.245 0.000103482
1224.49 816.327 8.60879e-05
1224.49 1020.41 3.23609e-05
1224.49 1224.49 -5.12791e-05
1224.49 1428.57 -0.000139216
1224.49 1632.65 -0.000198977
1224.49 1836.73 -0.000206031
1224.49 2040.82 -0.000153452
1224.49 2244.9 -5.1879e-05
1224.49 2448.98 7.93969e-05
1224.49 2653.06 0.000224893
1224.49 2857.14 0.000382681
1224.49 3061.22 0.000567075
1224.49 3265.31 0.000803351
1224.49 3469.39 0.00111703
1224.49 3673.47 0.00152219
1224.49 3877.55 0.00201307
1224.49 4081.63 0.00256162
1224.49 4285.71 0.00312162
1224.49 4489.8 0.00363721
1224.49 4693.88 0.00405313
1224.49 4897.96 0.00432354
1224.49 5102.04 0.0044185
1224.49 5306.12 0.00432764
1224.49 5510.2 0.00406128
1224.49 5714.29 0.00364893
1224.49 5918.37 0.00313545
1224.49 6122.45 0.00257489
1224.49 6326.53 0.00202212
1224.49 6530.61 0.00152338
1224.49 6734.69 0.00110817
1224.49 6938.78 0.000785217
1224.49 7142.86 0.000544122
1224.49 7346.94 0.000362462
1224.49 7551.02 0.000215884
1224.49 7755.1 8.76492e-05
1224.49 7959.18 -2.61385e-05
1224.49 8163.27 -0.000117757
1224.49 8367.35 -0.000174721
1224.49 8571.43 -0.00018875
1224.49 8775.51 -0.000161992
1224.49 8979.59 -0.000106766
1224.49 9183.67 -3.90615e-05
1224.49 9387.75 2.99198e-05
1224.49 9591.84 9.86132e-05
1224.49 9795.92 0.000172961
1224.49 10000 0.000258703
1428.57 0 0.00019169
1428.57 204.082 0.000126667
1428.57 408.163 8.24344e-05
1428.57 612.245 4.19713e-05
1428.57 816.327 -1.11215e-05
1428.57 1020.41 -7.79386e-05
1428.57 1224.49 -0.000139216
1428.57 1428.57 -0.000163148
1428.57 1632.65 -0.00012126
1428.57 1836.73 -3.20219e-06
1428.57 2040.82 0.00017774
1428.57 2244.9 0.000391465
1428.57 2448.98 0.000606475
1428.57 2653.06 0.000805769
1428.57 2857.14 0.000995427
1428.57 3061.22 0.00120218
1428.57 3265.31 0.00146166
1428.57 3469.39 0.00180293
1428.57 3673.47 0.00223592
1428.57 3877.55 0.00274598
1428.57 4081.63 0.00329663
1428.57 4285.71 0.00383851
1428.57 4489.8 0.00432026
1428.57 4693.88 0.00469756
1428.57 4897.96 0.00493815
1428.57 5102.04 0.005023
1428.57 5306.12 0.00494567
1428.57 5510.2 0.00471177
1428.57 5714.29 0.0043393
1428.57 5918.37 0.00385931
1428.57 6122.45 0.00331503
1428.57 6326.53 0.00275746
1428.57 6530.61 0.00223685
1428.57 6734.69 0.0017921
1428.57 6938.78 0.00144154
1428.57 7142.86 0.00117912
1428.57 7346.94 0.000978293
1428.57 7551.02 0.000803129
1428.57 7755.1 0.000622883
1428.57 7959.18 0.000424311
1428.57 8163.27 0.000216209
1428.57 8367.35 2.41916e-05
1428.57 8571.43 -0.000121703
1428.57 8775.51 -0.000200388
1428.57 8979.59 -0.000207423
1428.57 9183.67 -0.000153989
1428.57 9387.75 -5.9304e-05
1428.57 9591.84 5.80508e-05
1428.57 9795.92 0.000184702
1428.57 10000 0.000311586
1632.65 0 0.000246965
1632.65 204.082 0.000141345
1632.65 408.163 4.50345e-05
1632.65 612.245 -4.64388e-05
1632.65 816.327 -0.000131328
1632.65 1020.41 -0.00019238
1632.65 1224.49 -0.000198977
1632.65 1428.57 -0.00012126
1632.65 1632.65 5.16348e-05
1632.65 1836.73 0.000300358
1632.65 2040.82 0.000578687
1632.65 2244.9 0.000830943
1632.65 2448.98 0.00101508
1632.65 2653.06 0.00111968
1632.65 2857.14 0.00116648
1632.65 3061.22 0.00119759
1632.65 3265.31 0.00125464
1632.65 3469.39 0.00136037
1632.65 3673.47 0.00151078
1632.65 3877.55 0.00168005
1632.65 4081.63 0.00183432
1632.65 4285.71 0.00194709
1632.65 4489.8 0.00200944
1632.65 4693.88 0.00203113
1632.65 4897.96 0.00203297
1632.65 5102.04 0.00203459
1632.65 5306.12 0.00204342
1632.65 5510.2 0.00205041
1632.65 5714.29 0.00203435
1632.65 5918.37 0.00197298
1632.65 6122.45 0.00185574
1632.65 6326.53 0.00169187
1632.65 6530.61 0.00150969
1632.65 6734.69 0.00134648
1632.65 6938.78 0.00123231
1632.65 7142.86 0.00117502
1632.65 7346.94 0.00115356
1632.65 7551.02 0.00112449
1632.65 7755.1 0.00103997
1632.65 7959.18 0.000869871
1632.65 8163.27 0.000617342
1632.65 8367.35 0.000320079
1632.65 8571.43 3.6611e-05
1632.65 8775.51 -0.000175634
1632.65 8979.59 -0.000280068
1632.65 9183.67 -0.000270206
1632.65 9387.75 -0.000166359
1632.65 9591.84 -3.83973e-06
1632.65 9795.92 0.000180272
1632.65 10000 0.000356411
1836.73 0 0.000313046
1836.73 204.082 0.000158373
1836.73 408.163 1.7197e-06
1836.73 612.245 -0.000143024
1836.73 816.327 -0.000250453
1836.73 1020.41 -0.000283552
1836.73 1224.49 -0.000206031
1836.73 1428.57 -3.20219e-06
1836.73 1632.65 0.000300358
1836.73 1836.73 0.00063881
1836.73 2040.82 0.000923523
1836.73 2244.9 0.00107521
1836.73 2448.98 0.00105411
1836.73 2653.06 0.000872199
1836.73 2857.14 0.000580396
1836.73 3061.22 0.000237357
1836.73 3265.31 -0.000123294
1836.73 3469.39 -0.000509684
1836.73 3673.47 -0.00096405
1836.73 3877.55 -0.00153514
1836.73 4081.63 -0.00224439
1836.73 4285.71 -0.00306169
1836.73 4489.8 -0.00390109
1836.73 4693.88 -0.00463822
1836.73 4897.96 -0.00514346
1836.73 5102.04 -0.00531961
1836.73 5306.12 -0.00513138
1836.73 5510.2 -0.00461635
1836.73 5714.29 -0.00387377
1836.73 5918.37 -0.00303476
1836.73 6122.45 -0.00222415
1836.73 6326.53 -0.00152686
1836.73 6530.61 -0.000970223
1836.73 6734.69 -0.000528588
1836.73 6938.78 -0.000148567
1836.73 7142.86 0.000215552
1836.73 7346.94 0.000572458
1836.73 7551.02 0.000884985
1836.73 7755.1 0.00108704
1836.73 7959.18 0.0011183
1836.73 8163.27 0.000959002
1836.73 8367.35 0.000646736
1836.73 8571.43 0.000267122
1836.73 8775.51 -7.64053e-05
1836.73 8979.59 -0.000298712
1836.73 9183.67 -0.000358835
1836.73 9387.75 -0.000266322
1836.73 9591.84 -6.87037e-05
1836.73 9795.92 0.000171528
1836.73 10000 0.000399781
2040.82 0 0.000395429
2040.82 204.082 0.000185746
2040.82 408.163 -3.64205e-05
2040.82 612.245 -0.000233265
2040.82 816.327 -0.000351491
2040.82 1020.41 -0.000335672
2040.82 1224.49 -0.000153452
2040.82 1428.57 0.00017774
2040.82 1632.65 0.000578687
2040.82 1836.73 0.000923523
2040.82 2040.82 0.00108113
2040.82 2244.9 0.000965635
2040.82 2448.98 0.000570018
2040.82 2653.06 -3.75939e-05
2040.82 2857.14 -0.000756755
2040.82 3061.22 -0.001516
2040.82 3265.31 -0.00231996
2040.82 3469.39 -0.00325562
2040.82 3673.47 -0.00445213
2040.82 3877.55 -0.00601189
2040.82 4081.63 -0.00794376
2040.82 4285.71 -0.0101269
2040.82 4489.8 -0.0112753
2040.82 4693.88 -0.0121716
2040.82 4897.96 -0.0127857
2040.82 5102.04 -0.013001
2040.82 5306.12 -0.0127764
2040.82 5510.2 -0.0121543
2040.82 5714.29 -0.0112531
2040.82 5918.37 -0.0101048
2040.82 6122.45 -0.00793057
2040.82 6326.53 -0.00601231
2040.82 6530.61 -0.00446728
2040.82 6734.69 -0.00328185
2040.82 6938.78 -0.00234894
2040.82 7142.86 -0.00153666
2040.82 7346.94 -0.000758938
2040.82 7551.02 -1.6526e-05
2040.82 7755.1 0.000610061
2040.82 7959.18 0.0010104
2040.82 8163.27 0.00110967
2040.82 8367.35 0.000915577
2040.82 8571.43 0.000524298
2040.82 8775.51 8.53448e-05
2040.82 8979.59 -0.000254734
2040.82 9183.67 -0.000402552
2040.82 9387.75 -0.00034144
2040.82 9591.84 -0.000122616
2040.82 9795.92 0.000167399
2040.82 10000 0.000446183
2244.9 0 0.000495181
2244.9 204.082 0.000225757
2244.9 408.163 -6.55464e-05
2244.9 612.245 -0.000311971
2244.9 816.327 -0.00042953
2244.9 1020.41 -0.000348187
2244.9 1224.49 -5.1879e-05
2244.9 1428.57 0.000391465
2244.9 1632.65 0.000830943
2244.9 1836.73 0.00107521
2244.9 2040.82 0.000965635
2244.9 2244.9 0.000447387
2244.9 2448.98 -0.000401418
2244.9 2653.06 -0.00140678
2244.9 2857.14 -0.00239237
2244.9 3061.22 -0.00328592
2244.9 3265.31 -0.00418226
2244.9 3469.39 -0.0053254
2244.9 3673.47 -0.00701169
2244.9 3877.55 -0.00773522
2244.9 4081.63 -0.00811851
2244.9 4285.71 -0.00894031
2244.9 4489.8 -0.00995772
2244.9 4693.88 -0.010911
2244.9 4897.96 -0.0115797
2244.9 5102.04 -0.0118182
2244.9 5306.12 -0.0115762
2244.9 5510.2 -0.0109052
2244.9 5714.29 -0.00995169
2244.9 5918.37 -0.00893726
2244.9 6122.45 -0.00812232
2244.9 6326.53 -0.00774997
2244.9 6530.61 -0.0070396
2244.9 6734.69 -0.00536075
2244.9 6938.78 -0.00421499
2244.9 7142.86 -0.00330434
2244.9 7346.94 -0.00238747
2244.9 7551.02 -0.00137684
2244.9 7755.1 -0.000355137
2244.9 7959.18 0.000491301
2244.9 8163.27 0.000983584
2244.9 8367.35 0.00104785
2244.9 8571.43 0.000753546
2244.9 8775.51 0.000281071
2244.9 8979.59 -0.000157075
2244.9 9183.67 -0.000399501
2244.9 9387.75 -0.000386465
2244.9 9591.84 -0.000161416
2244.9 9795.92 0.000169264
2244.9 10000 0.00049436
2448.98 0 0.000607885
2448.98 204.082 0.000273828
2448.98 408.163 -9.01219e-05
2448.98 612.245 -0.000383688
2448.98 816.327 -0.000490584
2448.98 1020.41 -0.000331614
2448.98 1224.49 7.93969e-05
2448.98 1428.57 0.000606475
2448.98 1632.65 0.00101508
2448.98 1836.73 0.00105411
2448.98 2040.82 0.000570018
2448.98 2244.9 -0.000401418
2448.98 2448.98 -0.00162303
2448.98 2653.06 -0.00274998
2448.98 2857.14 -0.00349999
2448.98 3061.22 -0.00382199
2448.98 3265.31 -0.00397532
2448.98 3469.39 -0.00301944
2448.98 3673.47 -0.000968787
2448.98 3877.55 7.93908e-05
2448.98 4081.63 0.000207295
2448.98 4285.71 -0.000328756
2448.98 4489.8 -0.00120192
2448.98 4693.88 -0.0020919
2448.98 4897.96 -0.00273836
2448.98 5102.04 -0.00297357
2448.98 5306.12 -0.00274002
2448.98 5510.2 -0.00209585
2448.98 5714.29 -0.00120939
2448.98 5918.37 -0.000341419
2448.98 6122.45 0.000187673
2448.98 6326.53 5.14328e-05
2448.98 6530.61 -0.00100508
2448.98 6734.69 -0.00306122
2448.98 6938.78 -0.00401038
2448.98 7142.86 -0.00383576
2448.98 7346.94 -0.00348563
2448.98 7551.02 -0.00270985
2448.98 7755.1 -0.00157089
2448.98 7959.18 -0.000360442
2448.98 8163.27 0.000574354
2448.98 8367.35 0.00100478
2448.98 8571.43 0.000914196
2448.98 8775.51 0.000480873
2448.98 8979.59 -2.35977e-05
2448.98 9183.67 -0.000359438
2448.98 9387.75 -0.000407766
2448.98 9591.84 -0.000191337
2448.98 9795.92 0.000169802
2448.98 10000 0.000536168
2653.06 0 0.000724379
2653.06 204.082 0.000319773
2653.06 408.163 -0.000120787
2653.06 612.245 -0.000459179
2653.06 816.327 -0.000545884
2653.06 1020.41 -0.000298772
2653.06 1224.49 0.000224893
2653.06 1428.57 0.000805769
2653.06 1632.65 0.00111968
2653.06 1836.73 0.000872199
2653.06 2040.82 -3.75939e-05
2653.06 2244.9 -0.00140678
2653.06 2448.98 -0.00274998
2653.06 2653.06 -0.00347711
2653.06 2857.14 -0.0031687
2653.06 3061.22 -0.00182474
2653.06 3265.31 0.00285696
2653.06 3469.39 0.00750011
2653.06 3673.47 0.0108437
2653.06 3877.55 0.0127882
2653.06 4081.63 0.0135214
2653.06 4285.71 0.0133844
2653.06 4489.8 0.0127672
2653.06 4693.88 0.0120331
2653.06 4897.96 0.0114695
2653.06 5102.04 0.011259
2653.06 5306.12 0.0114639
2653.06 5510.2 0.0120217
2653.06 5714.29 0.0127498
2653.06 5918.37 0.0133604
2653.06 6122.45 0.013491
2653.06 6326.53 0.0127521
2653.06 6530.61 0.0108042
2653.06 6734.69 0.00746194
2653.06 6938.78 0.00282852
2653.06 7142.86 -0.00182987
2653.06 7346.94 -0.00314131
2653.06 7551.02 -0.00342457
2653.06 7755.1 -0.00269164
2653.06 7959.18 -0.00137006
2653.06 8163.27 -4.89079e-05
2653.06 8367.35 0.000799622
2653.06 8571.43 0.000996339
2653.06 8775.51 0.000669178
2653.06 8979.59 0.000131151
2653.06 9183.67 -0.000295175
2653.06 9387.75 -0.000417777
2653.06 9591.84 -0.000225519
2653.06 9795.92 0.000155179
2653.06 10000 0.000558009
2857.14 0 0.000832616
2857.14 204.082 0.000350582
2857.14 408.163 -0.000170418
2857.14 612.245 -0.000550042
2857.14 816.327 -0.000604827
2857.14 1020.41 -0.000256043
2857.14 1224.49 0.000382681
2857.14 1428.57 0.000995427
2857.14 1632.65 0.00116648
2857.14 1836.73 0.000580396
2857.14 2040.82 -0.000756755
2857.14 2244.9 -0.00239237
2857.14 2448.98 -0.00349999
2857.14 2653.06 -0.0031687
2857.14 2857.14 -0.000811179
2857.14 3061.22 0.00667056
2857.14 3265.31 0.0142187
2857.14 3469.39 0.0204899
2857.14 3673.47 0.0250521
2857.14 3877.55 0.0279
2857.14 4081.63 0.0292992
2857.14 4285.71 0.0296492
2857.14 4489.8 0.0293794
2857.14 4693.88 0.0288786
2857.14 4897.96 0.0284491
2857.14 5102.04 0.0282816
2857.14 5306.12 0.0284409
2857.14 5510.2 0.0288622
2857.14 5714.29 0.0293553
2857.14 5918.37 0.0296181
2857.14 6122.45 0.0292625
2857.14 6326.53 0.0278601
2857.14 6530.61 0.0250128
2857.14 6734.69 0.0204571
2857.14 6938.78 0.0142008
2857.14 7142.86 0.0066785
2857.14 7346.94 -0.000766274
2857.14 7551.02 -0.00310087
2857.14 7755.1 -0.00343447
2857.14 7959.18 -0.00236043
2857.14 8163.27 -0.000784679
2857.14 8367.35 0.00048464
2857.14 8571.43 0.00102308
2857.14 8775.51 0.000853121
2857.14 8979.59 0.000305536
2857.14 9183.67 -0.000213895
2857.14 9387.75 -0.000427853
2857.14 9591.84 -0.000278394
2857.14 9795.92 0.000109394
2857.14 10000 0.000544114
3061.22 0 0.000919935
3061.22 204.082 0.000353568
3061.22 408.163 -0.000250038
3061.22 612.245 -0.000663823
3061.22 816.327 -0.000669706
3061.22 1020.41 -0.000198584
3061.22 1224.49 0.000567075
3061.22 1428.57 0.00120218
3061.22 1632.65 0.00119759
3061.22 1836.73 0.000237357
3061.22 2040.82 -0.001516
3061.22 2244.9 -0.00328592
3061.22 2448.98 -0.00382199
3061.22 2653.06 -0.00182474
3061.22 2857.14 0.00667056
3061.22 3061.22 0.0167486
3061.22 3265.31 0.0261041
3061.22 3469.39 0.0338088
3061.22 3673.47 0.0395059
3061.22 3877.55 0.0432547
3061.22 4081.63 0.0453684
3061.22 4285.71 0.0462776
3061.22 4489.8 0.0464309
3061.22 4693.88 0.0462272
3061.22 4897.96 0.0459744
3061.22 5102.04 0.0458649
3061.22 5306.12 0.0459644
3061.22 5510.2 0.0462078
3061.22 5714.29 0.0464029
3061.22 5918.37 0.0462427
3061.22 6122.45 0.0453289
3061.22 6326.53 0.0432142
3061.22 6530.61 0.0394693
3061.22 6734.69 0.0337825
3061.22 6938.78 0.026096
3061.22 7142.86 0.0167677
3061.22 7346.94 0.00672449
3061.22 7551.02 -0.0017387
3061.22 7755.1 -0.00374814
3061.22 7959.18 -0.00325879
3061.22 8163.27 -0.00156061
3061.22 8367.35 0.000119615
3061.22 8571.43 0.00103758
3061.22 8775.51 0.00105995
3061.22 8979.59 0.000513465
3061.22 9183.67 -0.000112269
3061.22 9387.75 -0.000442735
3061.22 9591.84 -0.000360329
3061.22 9795.92 1.90045e-05
3061.22 10000 0.000480438
3265.31 0 0.000975385
3265.31 204.082 0.000319175
3265.31 408.163 -0.000365773
3265.31 612.245 -0.000801294
3265.31 816.327 -0.000734217
3265.31 1020.41 -0.000111351
3265.31 1224.49 0.000803351
3265.31 1428.57 0.00146166
3265.31 1632.65 0.00125464
3265.31 1836.73 -0.000123294
3265.31 2040.82 -0.00231996
3265.31 2244.9 -0.00418226
3265.31 2448.98 -0.00397532
3265.31 2653.06 0.00285696
3265.31 2857.14 0.0142187
3265.31 3061.22 0.0261041
3265.31 3265.31 0.0369688
3265.31 3469.39 0.0459353
3265.31 3673.47 0.052694
3265.31 3877.55 0.0573385
3265.31 4081.63 0.0602021
3265.31 4285.71 0.0617248
3265.31 4489.8 0.0623578
3265.31 4693.88 0.0624991
3265.31 4897.96 0.0624543
3265.31 5102.04 0.0624141
3265.31 5306.12 0.0624435
3265.31 5510.2 0.0624781
3265.31 5714.29 0.0623281
3265.31 5918.37 0.0616885
3265.31 6122.45 0.0601624
3265.31 6326.53 0.0572997
3265.31 6530.61 0.0526615
3265.31 6734.69 0.0459157
3265.31 6938.78 0.0369696
3265.31 7142.86 0.0261323
3265.31 7346.94 0.0142786
3265.31 7551.02 0.00294487
3265.31 7755.1 -0.00389243
3265.31 7959.18 -0.00415994
3265.31 8163.27 -0.00238083
3265.31 8367.35 -0.000261106
3265.31 8571.43 0.00108201
3265.31 8775.51 0.00132518
3265.31 8979.59 0.000779137
3265.31 9183.67 2.27109e-05
3265.31 9387.75 -0.000458683
3265.31 9591.84 -0.000474396
3265.31 9795.92 -0.000123258
3265.31 10000 0.000358024
3469.39 0 0.000991897
3469.39 204.082 0.000243115
3469.39 408.163 -0.000517315
3469.39 612.245 -0.000956341
3469.39 816.327 -0.000785849
3469.39 1020.41 2.48251e-05
3469.39 1224.49 0.00111703
3469.39 1428.57 0.00180293
3469.39 1632.65 0.00136037
3469.39 1836.73 -0.000509684
3469.39 2040.82 -0.00325562
3469.39 2244.9 -0.0053254
3469.39 2448.98 -0.00301944
3469.39 2653.06 0.00750011
3469.39 2857.14 0.0204899
3469.39 3061.22 0.0338088
3469.39 3265.31 0.0459353
3469.39 3469.39 0.0560206
3469.39 3673.47 0.0637754
3469.39 3877.55 0.0693015
3469.39 4081.63 0.0729311
3469.39 4285.71 0.0750978
3469.39 4489.8 0.0762438
3469.39 4693.88 0.0767587
3469.39 4897.96 0.0769409
3469.39 5102.04 0.0769767
3469.39 5306.12 0.0769298
3469.39 5510.2 0.0767373
3469.39 5714.29 0.0762139
3469.39 5918.37 0.0750619
3469.39 6122.45 0.0728929
3469.39 6326.53 0.0692657
3469.39 6530.61 0.0637478
3469.39 6734.69 0.0560077
3469.39 6938.78 0.0459438
3469.39 7142.86 0.0338443
3469.39 7346.94 0.0205539
3469.39 7551.02 0.00758543
3469.39 7755.1 -0.00293657
3469.39 7959.18 -0.00530825
3469.39 8163.27 -0.00333224
3469.39 8367.35 -0.000665397
3469.39 8571.43 0.00117906
3469.39 8775.51 0.00167716
3469.39 8979.59 0.00112645
3469.39 9183.67 0.000207907
3469.39 9387.75 -0.000465524
3469.39 9591.84 -0.000615888
3469.39 9795.92 -0.000316652
3469.39 10000 0.000175274
3673.47 0 0.000967838
3673.47 204.082 0.000127504
3673.47 408.163 -0.000697916
3673.47 612.245 -0.00111796
3673.47 816.327 -0.000810788
3673.47 1020.41 0.000224789
3673.47 1224.49 0.00152219
3673.47 1428.57 0.00223592
3673.47 1632.65 0.00151078
3673.47 1836.73 -0.00096405
3673.47 2040.82 -0.00445213
3673.47 2244.9 -0.00701169
3673.47 2448.98 -0.000968787
3673.47 2653.06 0.0108437
3673.47 2857.14 0.0250521
3673.47 3061.22 0.0395059
3673.47 3265.31 0.052694
3673.47 3469.39 0.0637754
3673.47 3673.47 0.0724586
3673.47 3877.55 0.0788353
3673.47 4081.63 0.083222
3673.47 4285.71 0.0860355
3673.47 4489.8 0.0877024
3673.47 4693.88 0.0885989
3673.47 4897.96 0.089014
3673.47 5102.04 0.0891282
3673.47 5306.12 0.089003
3673.47 5510.2 0.0885778
3673.47 5714.29 0.0876732
3673.47 5918.37 0.086001
3673.47 6122.45 0.0831862
3673.47 6326.53 0.0788031
3673.47 6530.61 0.072436
3673.47 6734.69 0.0637685
3673.47 6938.78 0.052709
3673.47 7142.86 0.039547
3673.47 7346.94 0.0251187
3673.47 7551.02 0.0109263
3673.47 7755.1 -0.000895873
3673.47 7959.18 -0.00700069
3673.47 8163.27 -0.00454415
3673.47 8367.35 -0.00113562
3673.47 8571.43 0.00132423
3673.47 8775.51 0.00212457
3673.47 8979.59 0.0015675
3673.47 9183.67 0.000455838
3673.47 9387.75 -0.000451263
3673.47 9591.84 -0.000774076
3673.47 9795.92 -0.000552337
3673.47 10000 -6.10449e-05
3877.55 0 0.000907361
3877.55 204.082 -1.9383e-05
3877.55 408.163 -0.000895776
3877.55 612.245 -0.00127343
3877.55 816.327 -0.000799366
3877.55 1020.41 0.000491429
3877.55 1224.49 0.00201307
3877.55 1428.57 0.00274598
3877.55 1632.65 0.00168005
3877.55 1836.73 -0.00153514
3877.55 2040.82 -0.00601189
3877.55 2244.9 -0.00773522
3877.55 2448.98 7.93908e-05
3877.55 2653.06 0.0127882
3877.55 2857.14 0.0279
3877.55 3061.22 0.0432547
3877.55 3265.31 0.0573385
3877.55 3469.39 0.0693015
3877.55 3673.47 0.0788353
3877.55 3877.55 0.0860092
3877.55 4081.63 0.0911165
3877.55 4285.71 0.0945515
3877.55 4489.8 0.0967218
3877.55 4693.88 0.0979885
3877.55 4897.96 0.0986299
3877.55 5102.04 0.0988204
3877.55 5306.12 0.0986192
3877.55 5510.2 0.0979681
3877.55 5714.29 0.0966938
3877.55 5918.37 0.094519
3877.55 6122.45 0.0910835
3877.55 6326.53 0.0859809
3877.55 6530.61 0.0788174
3877.55 6734.69 0.0693
3877.55 6938.78 0.0573589
3877.55 7142.86 0.0433001
3877.55 7346.94 0.0279681
3877.55 7551.02 0.012868
3877.55 7755.1 0.000144254
3877.55 7959.18 -0.0077335
3877.55 8163.27 -0.00611917
3877.55 8367.35 -0.00172083
3877.55 8571.43 0.00149088
3877.55 8775.51 0.00265118
3877.55 8979.59 0.00209436
3877.55 9183.67 0.000767286
3877.55 9387.75 -0.00040732
3877.55 9591.84 -0.000935255
3877.55 9795.92 -0.000814775
3877.55 10000 -0.000336218
4081.63 0 0.000819595
4081.63 204.082 -0.000184574
4081.63 408.163 -0.00109636
4081.63 612.245 -0.00141159
4081.63 816.327 -0.000750193
4081.63 1020.41 0.000811488
4081.63 1224.49 0.00256162
4081.63 1428.57 0.00329663
4081.63 1632.65 0.00183432
4081.63 1836.73 -0.00224439
4081.63 2040.82 -0.00794376
4081.63 2244.9 -0.00811851
4081.63 2448.98 0.000207295
4081.63 2653.06 0.0135214
4081.63 2857.14 0.0292992
4081.63 3061.22 0.0453684
4081.63 3265.31 0.0602021
4081.63 3469.39 0.0729311
4081.63 3673.47 0.083222
4081.63 3877.55 0.0911165
4081.63 4081.63 0.096881
4081.63 4285.71 0.100886
4081.63 4489.8 0.103519
4081.63 4693.88 0.105127
4081.63 4897.96 0.105977
4081.63 5102.04 0.106238
4081.63 5306.12 0.105967
4081.63 5510.2 0.105108
4081.63 5714.29 0.103493
4081.63 5918.37 0.100855
4081.63 6122.45 0.0968508
4081.63 6326.53 0.0910917
4081.63 6530.61 0.0832082
4081.63 6734.69 0.0729341
4081.63 6938.78 0.0602267
4081.63 7142.86 0.0454168
4081.63 7346.94 0.0293681
4081.63 7551.02 0.0135983
4081.63 7755.1 0.000265486
4081.63 7959.18 -0.00812503
4081.63 8163.27 -0.00806612
4081.63 8367.35 -0.00244274
4081.63 8571.43 0.0016442
4081.63 8775.51 0.00321889
4081.63 8979.59 0.00267695
4081.63 9183.67 0.00112728
4081.63 9387.75 -0.000332591
4081.63 9591.84 -0.00108611
4081.63 9795.92 -0.00108427
4081.63 10000 -0.00062939
4285.71 0 0.000717259
4285.71 204.082 -0.000352383
4285.71 408.163 -0.00128483
4285.71 612.245 -0.00152526
4285.71 816.327 -0.000671589
4285.71 1020.41 0.00115621
4285.71 1224.49 0.00312162
4285.71 1428.57 0.00383851
4285.71 1632.65 0.00194709
4285.71 1836.73 -0.00306169
4285.71 2040.82 -0.0101269
4285.71 2244.9 -0.00894031
4285.71 2448.98 -0.000328756
4285.71 2653.06 0.0133844
4285.71 2857.14 0.0296492
4285.71 3061.22 0.0462776
4285.71 3265.31 0.0617248
4285.71 3469.39 0.0750978
4285.71 3673.47 0.0860355
4285.71 3877.55 0.0945515
4285.71 4081.63 0.100886
4285.71 4285.71 0.105387
4285.71 4489.8 0.108424
4285.71 4693.88 0.110329
4285.71 4897.96 0.111362
4285.71 5102.04 0.111684
4285.71 5306.12 0.111352
4285.71 5510.2 0.11031
4285.71 5714.29 0.108398
4285.71 5918.37 0.105358
4285.71 6122.45 0.100858
4285.71 6326.53 0.0945297
4285.71 6530.61 0.0860253
4285.71 6734.69 0.0751044
4285.71 6938.78 0.0617526
4285.71 7142.86 0.0463281
4285.71 7346.94 0.0297181
4285.71 7551.02 0.0134586
4285.71 7755.1 -0.000276098
4285.71 7959.18 -0.00895311
4285.71 8163.27 -0.0102637
4285.71 8367.35 -0.00327129
4285.71 8571.43 0.0017569
4285.71 8775.51 0.00377676
4285.71 8979.59 0.00326718
4285.71 9183.67 0.00150581
4285.71 9387.75 -0.000234987
4285.71 9591.84 -0.00121643
4285.71 9795.92 -0.00133999
4285.71 10000 -0.000916326
4489.8 0 0.000615106
4489.8 204.082 -0.000506261
4489.8 408.163 -0.00144769
4489.8 612.245 -0.00161173
4489.8 816.327 -0.000579818
4489.8 1020.41 0.00148644
4489.8 1224.49 0.00363721
4489.8 1428.57 0.00432026
4489.8 1632.65 0.00200944
4489.8 1836.73 -0.00390109
4489.8 2040.82 -0.0112753
4489.8 2244.9 -0.00995772
4489.8 2448.98 -0.00120192
4489.8 2653.06 0.0127672
4489.8 2857.14 0.0293794
4489.8 3061.22 0.0464309
4489.8 3265.31 0.0623578
4489.8 3469.39 0.0762438
4489.8 3673.47 0.0877024
4489.8 3877.55 0.0967218
4489.8 4081.63 0.103519
4489.8 4285.71 0.108424
4489.8 4489.8 0.111789
4489.8 4693.88 0.113937
4489.8 4897.96 0.115118
4489.8 5102.04 0.115491
4489.8 5306.12 0.115109
4489.8 5510.2 0.113919
4489.8 5714.29 0.111765
4489.8 5918.37 0.108397
4489.8 6122.45 0.103494
4489.8 6326.53 0.0967025
4489.8 6530.61 0.0876949
4489.8 6734.69 0.0762533
4489.8 6938.78 0.062388
4489.8 7142.86 0.0464828
4489.8 7346.94 0.0294481
4489.8 7551.02 0.0128391
4489.8 7755.1 -0.0011537
4489.8 7959.18 -0.00997531
4489.8 8163.27 -0.011414
4489.8 8367.35 -0.00412031
4489.8 8571.43 0.00181947
4489.8 8775.51 0.00427215
4489.8 8979.59 0.00380773
4489.8 9183.67 0.00186292
4489.8 9387.75 -0.00012991
4489.8 9591.84 -0.00132019
4489.8 9795.92 -0.00156243
4489.8 10000 -0.00117232
4693.88 0 0.000528128
4693.88 204.082 -0.000630427
4693.88 408.163 -0.0015736
4693.88 612.245 -0.00167164
4693.88 816.327 -0.000494882
4693.88 1020.41 0.00176037
4693.88 1224.49 0.00405313
4693.88 1428.57 0.00469756
4693.88 1632.65 0.00203113
4693.88 1836.73 -0.00463822
4693.88 2040.82 -0.0121716
4693.88 2244.9 -0.010911
4693.88 2448.98 -0.0020919
4693.88 2653.06 0.0120331
4693.88 2857.14 0.0288786
4693.88 3061.22 0.0462272
4693.88 3265.31 0.0624991
4693.88 3469.39 0.0767587
4693.88 3673.47 0.0885989
4693.88 3877.55 0.0979885
4693.88 4081.63 0.105127
4693.88 4285.71 0.110329
4693.88 4489.8 0.113937
4693.88 4693.88 0.116264
4693.88 4897.96 0.117555
4693.88 5102.04 0.117965
4693.88 5306.12 0.117546
4693.88 5510.2 0.116247
4693.88 5714.29 0.113914
4693.88 5918.37 0.110303
4693.88 6122.45 0.105103
4693.88 6326.53 0.097971
4693.88 6530.61 0.0885934
4693.88 6734.69 0.07677
4693.88 6938.78 0.0625309
4693.88 7142.86 0.04628
4693.88 7346.94 0.0289469
4693.88 7551.02 0.012103
4693.88 7755.1 -0.002047
4693.88 7959.18 -0.0109321
4693.88 8163.27 -0.0123105
4693.88 8367.35 -0.00486497
4693.88 8571.43 0.00184135
4693.88 8775.51 0.00465981
4693.88 8979.59 0.00424223
4693.88 9183.67 0.00215633
4693.88 9387.75 -3.63312e-05
4693.88 9591.84 -0.0013949
4693.88 9795.92 -0.00173496
4693.88 10000 -0.00137465
4897.96 0 0.000469342
4897.96 204.082 -0.000711657
4897.96 408.163 -0.00165377
4897.96 612.245 -0.00170705
4897.96 816.327 -0.000435529
4897.96 1020.41 0.00194142
4897.96 1224.49 0.00432354
4897.96 1428.57 0.00493815
4897.96 1632.65 0.00203297
4897.96 1836.73 -0.00514346
4897.96 2040.82 -0.0127857
4897.96 2244.9 -0.0115797
4897.96 2448.98 -0.00273836
4897.96 2653.06 0.0114695
4897.96 2857.14 0.0284491
4897.96 3061.22 0.0459744
4897.96 3265.31 0.0624543
4897.96 3469.39 0.0769409
4897.96 3673.47 0.089014
4897.96 3877.55 0.0986299
4897.96 4081.63 0.105977
4897.96 4285.71 0.111362
4897.96 4489.8 0.115118
4897.96 4693.88 0.117555
4897.96 4897.96 0.118913
4897.96 5102.04 0.119346
4897.96 5306.12 0.118904
4897.96 5510.2 0.117538
4897.96 5714.29 0.115096
4897.96 5918.37 0.111337
4897.96 6122.45 0.105954
4897.96 6326.53 0.0986136
4897.96 6530.61 0.0890097
4897.96 6734.69 0.0769533
4897.96 6938.78 0.062487
4897.96 7142.86 0.0460275
4897.96 7346.94 0.0285171
4897.96 7551.02 0.0115382
4897.96 7755.1 -0.00269554
4897.96 7959.18 -0.0116029
4897.96 8163.27 -0.0129249
4897.96 8367.35 -0.0053751
4897.96 8571.43 0.00184326
4897.96 8775.51 0.00490685
4897.96 8979.59 0.00452414
4897.96 9183.67 0.00234925
4897.96 9387.75 2.79439e-05
4897.96 9591.84 -0.0014401
4897.96 9795.92 -0.00184466
4897.96 10000 -0.00150483
5102.04 0 0.000447665
5102.04 204.082 -0.000741038
5102.04 408.163 -0.00168248
5102.04 612.245 -0.00171977
5102.04 816.327 -0.000414816
5102.04 1020.41 0.00200491
5102.04 1224.49 0.0044185
5102.04 1428.57 0.005023
5102.04 1632.65 0.00203459
5102.04 1836.73 -0.00531961
5102.04 2040.82 -0.013001
5102.04 2244.9 -0.0118182
5102.04 2448.98 -0.00297357
5102.04 2653.06 0.011259
5102.04 2857.14 0.0282816
5102.04 3061.22 0.0458649
5102.04 3265.31 0.0624141
5102.04 3469.39 0.0769767
5102.04 3673.47 0.0891282
5102.04 3877.55 0.0988204
5102.04 4081.63 0.106238
5102.04 4285.71 0.111684
5102.04 4489.8 0.115491
5102.04 4693.88 0.117965
5102.04 4897.96 0.119346
5102.04 5102.04 0.119785
5102.04 5306.12 0.119337
5102.04 5510.2 0.117948
5102.04 5714.29 0.115469
5102.04 5918.37 0.111659
5102.04 6122.45 0.106216
5102.04 6326.53 0.0988044
5102.04 6530.61 0.0891243
5102.04 6734.69 0.0769896
5102.04 6938.78 0.0624471
5102.04 7142.86 0.0459182
5102.04 7346.94 0.0283495
5102.04 7551.02 0.0113272
5102.04 7755.1 -0.00293155
5102.04 7959.18 -0.0118423
5102.04 8163.27 -0.0131404
5102.04 8367.35 -0.00555307
5102.04 8571.43 0.00184485
5102.04 8775.51 0.00499392
5102.04 8979.59 0.00462311
5102.04 9183.67 0.00241691
5102.04 9387.75 5.04961e-05
5102.04 9591.84 -0.00145596
5102.04 9795.92 -0.0018832
5102.04 10000 -0.00155062
5306.12 0 0.000466605
5306.12 204.082 -0.00071501
5306.12 408.163 -0.0016573
5306.12 612.245 -0.00171004
5306.12 816.327 -0.000437043
5306.12 1020.41 0.00194235
5306.12 1224.49 0.00432764
5306.12 1428.57 0.00494567
5306.12 1632.65 0.00204342
5306.12 1836.73 -0.00513138
5306.12 2040.82 -0.0127764
5306.12 2244.9 -0.0115762
5306.12 2448.98 -0.00274002
5306.12 2653.06 0.0114639
5306.12 2857.14 0.0284409
5306.12 3061.22 0.0459644
5306.12 3265.31 0.0624435
5306.12 3469.39 0.0769298
5306.12 3673.47 0.089003
5306.12 3877.55 0.0986192
5306.12 4081.63 0.105967
5306.12 4285.71 0.111352
5306.12 4489.8 0.115109
5306.12 4693.88 0.117546
5306.12 4897.96 0.118904
5306.12 5102.04 0.119337
5306.12 5306.12 0.118895
5306.12 5510.2 0.117529
5306.12 5714.29 0.115086
5306.12 5918.37 0.111327
5306.12 6122.45 0.105944
5306.12 6326.53 0.0986029
5306.12 6530.61 0.0889987
5306.12 6734.69 0.0769422
5306.12 6938.78 0.0624761
5306.12 7142.86 0.0460175
5306.12 7346.94 0.0285087
5306.12 7551.02 0.0115324
5306.12 7755.1 -0.00269745
5306.12 7959.18 -0.0115998
5306.12 8163.27 -0.0129159
5306.12 8367.35 -0.00536334
5306.12 8571.43 0.00185361
5306.12 8775.51 0.00491452
5306.12 8979.59 0.00452864
5306.12 9183.67 0.00235079
5306.12 9387.75 2.72015e-05
5306.12 9591.84 -0.00144224
5306.12 9795.92 -0.00184734
5306.12 10000 -0.00150742
5510.2 0 0.000523772
5510.2 204.082 -0.000635786
5510.2 408.163 -0.00157922
5510.2 612.245 -0.00167623
5510.2 816.327 -0.000496808
5510.2 1020.41 0.00176283
5510.2 1224.49 0.00406128
5510.2 1428.57 0.00471177
5510.2 1632.65 0.00205041
5510.2 1836.73 -0.00461635
5510.2 2040.82 -0.0121543
5510.2 2244.9 -0.0109052
5510.2 2448.98 -0.00209585
5510.2 2653.06 0.0120217
5510.2 2857.14 0.0288622
5510.2 3061.22 0.0462078
5510.2 3265.31 0.0624781
5510.2 3469.39 0.0767373
5510.2 3673.47 0.0885778
5510.2 3877.55 0.0979681
5510.2 4081.63 0.105108
5510.2 4285.71 0.11031
5510.2 4489.8 0.113919
5510.2 4693.88 0.116247
5510.2 4897.96 0.117538
5510.2 5102.04 0.117948
5510.2 5306.12 0.117529
5510.2 5510.2 0.11623
5510.2 5714.29 0.113896
5510.2 5918.37 0.110285
5510.2 6122.45 0.105084
5510.2 6326.53 0.0979506
5510.2 6530.61 0.0885723
5510.2 6734.69 0.0767485
5510.2 6938.78 0.0625098
5510.2 7142.86 0.0462604
5510.2 7346.94 0.0289302
5510.2 7551.02 0.0120913
5510.2 7755.1 -0.0020514
5510.2 7959.18 -0.0109268
5510.2 8163.27 -0.0122939
5510.2 8367.35 -0.00484361
5510.2 8571.43 0.00186052
5510.2 8775.51 0.00467435
5510.2 8979.59 0.00425116
5510.2 9183.67 0.00215993
5510.2 9387.75 -3.6882e-05
5510.2 9591.84 -0.00139804
5510.2 9795.92 -0.00173919
5510.2 10000 -0.00137883
5714.29 0 0.000610934
5714.29 204.082 -0.000511468
5714.29 408.163 -0.00145309
5714.29 612.245 -0.0016158
5714.29 816.327 -0.000580547
5714.29 1020.41 0.00149116
5714.29 1224.49 0.00364893
5714.29 1428.57 0.0043393
5714.29 1632.65 0.00203435
5714.29 1836.73 -0.00387377
5714.29 2040.82 -0.0112531
5714.29 2244.9 -0.00995169
5714.29 2448.98 -0.00120939
5714.29 2653.06 0.0127498
5714.29 2857.14 0.0293553
5714.29 3061.22 0.0464029
5714.29 3265.31 0.0623281
5714.29 3469.39 0.0762139
5714.29 3673.47 0.0876732
5714.29 3877.55 0.0966938
5714.29 4081.63 0.103493
5714.29 4285.71 0.108398
5714.29 4489.8 0.111765
5714.29 4693.88 0.113914
5714.29 4897.96 0.115096
5714.29 5102.04 0.115469
5714.29 5306.12 0.115086
5714.29 5510.2 0.113896
5714.29 5714.29 0.111741
5714.29 5918.37 0.108371
5714.29 6122.45 0.103467
5714.29 6326.53 0.0966745
5714.29 6530.61 0.0876656
5714.29 6734.69 0.0762232
5714.29 6938.78 0.0623582
5714.29 7142.86 0.0464546
5714.29 7346.94 0.0294237
5714.29 7551.02 0.0128211
5714.29 7755.1 -0.00116177
5714.29 7959.18 -0.00997002
5714.29 8163.27 -0.0113926
5714.29 8367.35 -0.0040935
5714.29 8571.43 0.00184438
5714.29 8775.51 0.00429176
5714.29 8979.59 0.00382054
5714.29 9183.67 0.00186912
5714.29 9387.75 -0.000128972
5714.29 9591.84 -0.00132264
5714.29 9795.92 -0.00156645
5714.29 10000 -0.00117654
5918.37 0 0.000715038
5918.37 204.082 -0.000355349
5918.37 408.163 -0.00128784
5918.37 612.245 -0.00152693
5918.37 816.327 -0.000669965
5918.37 1020.41 0.00116319
5918.37 1224.49 0.00313545
5918.37 1428.57 0.00385931
5918.37 1632.65 0.00197298
5918.37 1836.73 -0.00303476
5918.37 2040.82 -0.0101048
5918.37 2244.9 -0.00893726
5918.37 2448.98 -0.000341419
5918.37 2653.06 0.0133604
5918.37 2857.14 0.0296181
5918.37 3061.22 0.0462427
5918.37 3265.31 0.0616885
5918.37 3469.39 0.0750619
5918.37 3673.47 0.086001
5918.37 3877.55 0.094519
5918.37 4081.63 0.100855
5918.37 4285.71 0.105358
5918.37 4489.8 0.108397
5918.37 4693.88 0.110303
5918.37 4897.96 0.111337
5918.37 5102.04 0.111659
5918.37 5306.12 0.111327
5918.37 5510.2 0.110285
5918.37 5714.29 0.108371
5918.37 5918.37 0.10533
5918.37 6122.45 0.100828
5918.37 6326.53 0.0944971
5918.37 6530.61 0.0859908
5918.37 6734.69 0.0750684
5918.37 6938.78 0.0617162
5918.37 7142.86 0.046293
5918.37 7346.94 0.0296867
5918.37 7551.02 0.0134342
5918.37 7755.1 -0.000289377
5918.37 7959.18 -0.0089508
5918.37 8163.27 -0.0102424
5918.37 8367.35 -0.00324468
5918.37 8571.43 0.00178303
5918.37 8775.51 0.00379837
5918.37 8979.59 0.00328232
5918.37 9183.67 0.00151438
5918.37 9387.75 -0.000231794
5918.37 9591.84 -0.00121683
5918.37 9795.92 -0.00134225
5918.37 10000 -0.000919161
6122.45 0 0.000820308
6122.45 204.082 -0.000184196
6122.45 408.163 -0.00109599
6122.45 612.245 -0.00141027
6122.45 816.327 -0.000746393
6122.45 1020.41 0.000819447
6122.45 1224.49 0.00257489
6122.45 1428.57 0.00331503
6122.45 1632.65 0.00185574
6122.45 1836.73 -0.00222415
6122.45 2040.82 -0.00793057
6122.45 2244.9 -0.00812232
6122.45 2448.98 0.000187673
6122.45 2653.06 0.013491
6122.45 2857.14 0.0292625
6122.45 3061.22 0.0453289
6122.45 3265.31 0.0601624
6122.45 3469.39 0.0728929
6122.45 3673.47 0.0831862
6122.45 3877.55 0.0910835
6122.45 4081.63 0.0968508
6122.45 4285.71 0.100858
6122.45 4489.8 0.103494
6122.45 4693.88 0.105103
6122.45 4897.96 0.105954
6122.45 5102.04 0.106216
6122.45 5306.12 0.105944
6122.45 5510.2 0.105084
6122.45 5714.29 0.103467
6122.45 5918.37 0.100828
6122.45 6122.45 0.0968205
6122.45 6326.53 0.0910586
6122.45 6530.61 0.0831724
6122.45 6734.69 0.0728958
6122.45 6938.78 0.0601869
6122.45 7142.86 0.0453771
6122.45 7346.94 0.0293311
6122.45 7551.02 0.0135675
6122.45 7755.1 0.000245352
6122.45 7959.18 -0.00812941
6122.45 8163.27 -0.00805337
6122.45 8367.35 -0.00242249
6122.45 8571.43 0.00166615
6122.45 8775.51 0.00323831
6122.45 8979.59 0.00269157
6122.45 9183.67 0.00113664
6122.45 9387.75 -0.0003277
6122.45 9591.84 -0.00108433
6122.45 9795.92 -0.00108429
6122.45 10000 -0.000630247
6326.53 0 0.000910705
6326.53 204.082 -1.61334e-05
6326.53 408.163 -0.000892779
6326.53 612.245 -0.00127033
6326.53 816.327 -0.000795277
6326.53 1020.41 0.000497641
6326.53 1224.49 0.00202212
6326.53 1428.57 0.00275746
6326.53 1632.65 0.00169187
6326.53 1836.73 -0.00152686
6326.53 2040.82 -0.00601231
6326.53 2244.9 -0.00774997
6326.53 2448.98 5.14328e-05
6326.53 2653.06 0.0127521
6326.53 2857.14 0.0278601
6326.53 3061.22 0.0432142
6326.53 3265.31 0.0572997
6326.53 3469.39 0.0692657
6326.53 3673.47 0.0788031
6326.53 3877.55 0.0859809
6326.53 4081.63 0.0910917
6326.53 4285.71 0.0945297
6326.53 4489.8 0.0967025
6326.53 4693.88 0.097971
6326.53 4897.96 0.0986136
6326.53 5102.04 0.0988044
6326.53 5306.12 0.0986029
6326.53 5510.2 0.0979506
6326.53 5714.29 0.0966745
6326.53 5918.37 0.0944971
6326.53 6122.45 0.0910586
6326.53 6326.53 0.0859524
6326.53 6530.61 0.0787851
6326.53 6734.69 0.0692641
6326.53 6938.78 0.05732
6326.53 7142.86 0.0432595
6326.53 7346.94 0.027928
6326.53 7551.02 0.0128317
6326.53 7755.1 0.000116018
6326.53 7959.18 -0.00774849
6326.53 8163.27 -0.0061196
6326.53 8367.35 -0.00171218
6326.53 8571.43 0.00150346
6326.53 8775.51 0.00266375
6326.53 8979.59 0.00210461
6326.53 9183.67 0.00077446
6326.53 9387.75 -0.000402887
6326.53 9591.84 -0.00093278
6326.53 9795.92 -0.000813523
6326.53 10000 -0.000335723
6530.61 0 0.000972202
6530.61 204.082 0.000131583
6530.61 408.163 -0.000694752
6530.61 612.245 -0.00111594
6530.61 816.327 -0.000809589
6530.61 1020.41 0.000225786
6530.61 1224.49 0.00152338
6530.61 1428.57 0.00223685
6530.61 1632.65 0.00150969
6530.61 1836.73 -0.000970223
6530.61 2040.82 -0.00446728
6530.61 2244.9 -0.0070396
6530.61 2448.98 -0.00100508
6530.61 2653.06 0.0108042
6530.61 2857.14 0.0250128
6530.61 3061.22 0.0394693
6530.61 3265.31 0.0526615
6530.61 3469.39 0.0637478
6530.61 3673.47 0.072436
6530.61 3877.55 0.0788174
6530.61 4081.63 0.0832082
6530.61 4285.71 0.0860253
6530.61 4489.8 0.0876949
6530.61 4693.88 0.0885934
6530.61 4897.96 0.0890097
6530.61 5102.04 0.0891243
6530.61 5306.12 0.0889987
6530.61 5510.2 0.0885723
6530.61 5714.29 0.0876656
6530.61 5918.37 0.0859908
6530.61 6122.45 0.0831724
6530.61 6326.53 0.0787851
6530.61 6530.61 0.0724134
6530.61 6734.69 0.0637409
6530.61 6938.78 0.0526765
6530.61 7142.86 0.0395104
6530.61 7346.94 0.0250794
6530.61 7551.02 0.0108868
6530.61 7755.1 -0.000932097
6530.61 7959.18 -0.00702839
6530.61 8163.27 -0.00455892
6530.61 8367.35 -0.00114117
6530.61 8571.43 0.001324
6530.61 8775.51 0.00212647
6530.61 8979.59 0.00156954
6530.61 9183.67 0.000457221
6530.61 9387.75 -0.000450523
6530.61 9591.84 -0.000773674
6530.61 9795.92 -0.000552067
6530.61 10000 -6.09199e-05
6734.69 0 0.000994891
6734.69 204.082 0.000245104
6734.69 408.163 -0.000517261
6734.69 612.245 -0.000958787
6734.69 816.327 -0.000790806
6734.69 1020.41 1.77425e-05
6734.69 1224.49 0.00110817
6734.69 1428.57 0.0017921
6734.69 1632.65 0.00134648
6734.69 1836.73 -0.000528588
6734.69 2040.82 -0.00328185
6734.69 2244.9 -0.00536075
6734.69 2448.98 -0.00306122
6734.69 2653.06 0.00746194
6734.69 2857.14 0.0204571
6734.69 3061.22 0.0337825
6734.69 3265.31 0.0459157
6734.69 3469.39 0.0560077
6734.69 3673.47 0.0637685
6734.69 3877.55 0.0693
6734.69 4081.63 0.0729341
6734.69 4285.71 0.0751044
6734.69 4489.8 0.0762533
6734.69 4693.88 0.07677
6734.69 4897.96 0.0769533
6734.69 5102.04 0.0769896
6734.69 5306.12 0.0769422
6734.69 5510.2 0.0767485
6734.69 5714.29 0.0762232
6734.69 5918.37 0.0750684
6734.69 6122.45 0.0728958
6734.69 6326.53 0.0692641
6734.69 6530.61 0.0637409
6734.69 6734.69 0.0559947
6734.69 6938.78 0.0459243
6734.69 7142.86 0.0338181
6734.69 7346.94 0.0205213
6734.69 7551.02 0.00754761
6734.69 7755.1 -0.00297786
6734.69 7959.18 -0.00534305
6734.69 8163.27 -0.00335785
6734.69 8367.35 -0.00068362
6734.69 8571.43 0.0011659
6734.69 8775.51 0.00166701
6734.69 8979.59 0.001118
6734.69 9183.67 0.000200668
6734.69 9387.75 -0.000471535
6734.69 9591.84 -0.000620544
6734.69 9795.92 -0.000320023
6734.69 10000 0.000172878
6938.78 0 0.000974792
6938.78 204.082 0.000316481
6938.78 408.163 -0.000371516
6938.78 612.245 -0.000810616
6938.78 816.327 -0.000747055
6938.78 1020.41 -0.000127164
6938.78 1224.49 0.000785217
6938.78 1428.57 0.00144154
6938.78 1632.65 0.00123231
6938.78 1836.73 -0.000148567
6938.78 2040.82 -0.00234894
6938.78 2244.9 -0.00421499
6938.78 2448.98 -0.00401038
6938.78 2653.06 0.00282852
6938.78 2857.14 0.0142008
6938.78 3061.22 0.026096
6938.78 3265.31 0.0369696
6938.78 3469.39 0.0459438
6938.78 3673.47 0.052709
6938.78 3877.55 0.0573589
6938.78 4081.63 0.0602267
6938.78 4285.71 0.0617526
6938.78 4489.8 0.062388
6938.78 4693.88 0.0625309
6938.78 4897.96 0.062487
6938.78 5102.04 0.0624471
6938.78 5306.12 0.0624761
6938.78 5510.2 0.0625098
6938.78 5714.29 0.0623582
6938.78 5918.37 0.0617162
6938.78 6122.45 0.0601869
6938.78 6326.53 0.05732
6938.78 6530.61 0.0526765
6938.78 6734.69 0.0459243
6938.78 6938.78 0.0369705
6938.78 7142.86 0.0261246
6938.78 7346.94 0.0142612
6938.78 7551.02 0.00291714
6938.78 7755.1 -0.00392672
6938.78 7959.18 -0.00419198
6938.78 8163.27 -0.00240923
6938.78 8367.35 -0.000285881
6938.78 8571.43 0.0010601
6938.78 8775.51 0.00130535
6938.78 8979.59 0.000761014
6938.78 9183.67 6.43009e-06
6938.78 9387.75 -0.000472712
6938.78 9591.84 -0.000485826
6938.78 9795.92 -0.000132055
6938.78 10000 0.000351542
7142.86 0 0.000914771
7142.86 204.082 0.000345233
7142.86 408.163 -0.000262191
7142.86 612.245 -0.000679906
7142.86 816.327 -0.000689183
7142.86 1020.41 -0.000220408
7142.86 1224.49 0.000544122
7142.86 1428.57 0.00117912
7142.86 1632.65 0.00117502
7142.86 1836.73 0.000215552
7142.86 2040.82 -0.00153666
7142.86 2244.9 -0.00330434
7142.86 2448.98 -0.00383576
7142.86 2653.06 -0.00182987
7142.86 2857.14 0.0066785
7142.86 3061.22 0.0167677
7142.86 3265.31 0.0261323
7142.86 3469.39 0.0338443
7142.86 3673.47 0.039547
7142.86 3877.55 0.0433001
7142.86 4081.63 0.0454168
7142.86 4285.71 0.0463281
7142.86 4489.8 0.0464828
7142.86 4693.88 0.04628
7142.86 4897.96 0.0460275
7142.86 5102.04 0.0459182
7142.86 5306.12 0.0460175
7142.86 5510.2 0.0462604
7142.86 5714.29 0.0464546
7142.86 5918.37 0.046293
7142.86 6122.45 0.0453771
7142.86 6326.53 0.0432595
7142.86 6530.61 0.0395104
7142.86 6734.69 0.0338181
7142.86 6938.78 0.0261246
7142.86 7142.86 0.0167874
7142.86 7346.94 0.00673326
7142.86 7551.02 -0.00174286
7142.86 7755.1 -0.00376113
7142.86 7959.18 -0.00327668
7142.86 8163.27 -0.00158097
7142.86 8367.35 9.79244e-05
7142.86 8571.43 0.00101501
7142.86 8775.51 0.0010368
7142.86 8979.59 0.000490322
7142.86 9183.67 -0.000134482
7142.86 9387.75 -0.000462948
7142.86 9591.84 -0.000377636
7142.86 9795.92 5.0886e-06
7142.86 10000 0.000469893
7346.94 0 0.000823867
7346.94 204.082 0.000338154
7346.94 408.163 -0.000186628
7346.94 612.245 -0.000569475
7346.94 816.327 -0.000626255
7346.94 1020.41 -0.000277774
7346.94 1224.49 0.000362462
7346.94 1428.57 0.000978293
7346.94 1632.65 0.00115356
7346.94 1836.73 0.000572458
7346.94 2040.82 -0.000758938
7346.94 2244.9 -0.00238747
7346.94 2448.98 -0.00348563
7346.94 2653.06 -0.00314131
7346.94 2857.14 -0.000766274
7346.94 3061.22 0.00672449
7346.94 3265.31 0.0142786
7346.94 3469.39 0.0205539
7346.94 3673.47 0.0251187
7346.94 3877.55 0.0279681
7346.94 4081.63 0.0293681
7346.94 4285.71 0.0297181
7346.94 4489.8 0.0294481
7346.94 4693.88 0.0289469
7346.94 4897.96 0.0285171
7346.94 5102.04 0.0283495
7346.94 5306.12 0.0285087
7346.94 5510.2 0.0289302
7346.94 5714.29 0.0294237
7346.94 5918.37 0.0296867
7346.94 6122.45 0.0293311
7346.94 6326.53 0.027928
7346.94 6530.61 0.0250794
7346.94 6734.69 0.0205213
7346.94 6938.78 0.0142612
7346.94 7142.86 0.00673326
7346.94 7346.94 -0.000720328
7346.94 7551.02 -0.00307262
7346.94 7755.1 -0.00341957
7346.94 7959.18 -0.00235536
7346.94 8163.27 -0.000787022
7346.94 8367.35 0.00047634
7346.94 8571.43 0.00100976
7346.94 8775.51 0.0008357
7346.94 8979.59 0.000285237
7346.94 9183.67 -0.000235494
7346.94 9387.75 -0.000449018
7346.94 9591.84 -0.000297557
7346.94 9795.92 9.33352e-05
7346.94 10000 0.000531633
7551.02 0 0.00071501
7551.02 204.082 0.000307236
7551.02 408.163 -0.000135982
7551.02 612.245 -0.000475809
7551.02 816.327 -0.000562118
7551.02 1020.41 -0.00031245
7551.02 1224.49 0.000215884
7551.02 1428.57 0.000803129
7551.02 1632.65 0.00112449
7551.02 1836.73 0.000884985
7551.02 2040.82 -1.6526e-05
7551.02 2244.9 -0.00137684
7551.02 2448.98 -0.00270985
7551.02 2653.06 -0.00342457
7551.02 2857.14 -0.00310087
7551.02 3061.22 -0.0017387
7551.02 3265.31 0.00294487
7551.02 3469.39 0.00758543
7551.02 3673.47 0.0109263
7551.02 3877.55 0.012868
7551.02 4081.63 0.0135983
7551.02 4285.71 0.0134586
7551.02 4489.8 0.0128391
7551.02 4693.88 0.012103
7551.02 4897.96 0.0115382
7551.02 5102.04 0.0113272
7551.02 5306.12 0.0115324
7551.02 5510.2 0.0120913
7551.02 5714.29 0.0128211
7551.02 5918.37 0.0134342
7551.02 6122.45 0.0135675
7551.02 6326.53 0.0128317
7551.02 6530.61 0.0108868
7551.02 6734.69 0.00754761
7551.02 6938.78 0.00291714
7551.02 7142.86 -0.00174286
7551.02 7346.94 -0.00307262
7551.02 7551.02 -0.0033715
7551.02 7755.1 -0.00265141
7551.02 7959.18 -0.00134046
7551.02 8163.27 -2.85131e-05
7551.02 8367.35 0.000811623
7551.02 8571.43 0.00100052
7551.02 8775.51 0.000666313
7551.02 8979.59 0.000122495
7551.02 9183.67 -0.000307865
7551.02 9387.75 -0.000432457
7551.02 9591.84 -0.000240199
7551.02 9795.92 0.000142094
7551.02 10000 0.000547478
7755.1 0 0.000601919
7755.1 204.082 0.000266364
7755.1 408.163 -9.8119e-05
7755.1 612.245 -0.000390638
7755.1 816.327 -0.000494479
7755.1 1020.41 -0.000330346
7755.1 1224.49 8.76492e-05
7755.1 1428.57 0.000622883
7755.1 1632.65 0.00103997
7755.1 1836.73 0.00108704
7755.1 2040.82 0.000610061
7755.1 2244.9 -0.000355137
7755.1 2448.98 -0.00157089
7755.1 2653.06 -0.00269164
7755.1 2857.14 -0.00343447
7755.1 3061.22 -0.00374814
7755.1 3265.31 -0.00389243
7755.1 3469.39 -0.00293657
7755.1 3673.47 -0.000895873
7755.1 3877.55 0.000144254
7755.1 4081.63 0.000265486
7755.1 4285.71 -0.000276098
7755.1 4489.8 -0.0011537
7755.1 4693.88 -0.002047
7755.1 4897.96 -0.00269554
7755.1 5102.04 -0.00293155
7755.1 5306.12 -0.00269745
7755.1 5510.2 -0.0020514
7755.1 5714.29 -0.00116177
7755.1 5918.37 -0.000289377
7755.1 6122.45 0.000245352
7755.1 6326.53 0.000116018
7755.1 6530.61 -0.000932097
7755.1 6734.69 -0.00297786
7755.1 6938.78 -0.00392672
7755.1 7142.86 -0.00376113
7755.1 7346.94 -0.00341957
7755.1 7551.02 -0.00265141
7755.1 7755.1 -0.00151917
7755.1 7959.18 -0.000315011
7755.1 8163.27 0.000613315
7755.1 8367.35 0.00103669
7755.1 8571.43 0.000938492
7755.1 8775.51 0.00049739
7755.1 8979.59 -1.4345e-05
7755.1 9183.67 -0.000356247
7755.1 9387.75 -0.000408946
7755.1 9591.84 -0.00019504
7755.1 9795.92 0.000165235
7755.1 10000 0.000531939
7959.18 0 0.000496034
7959.18 204.082 0.000227586
7959.18 408.163 -6.16773e-05
7959.18 612.245 -0.000304661
7959.18 816.327 -0.000417248
7959.18 1020.41 -0.000329583
7959.18 1224.49 -2.61385e-05
7959.18 1428.57 0.000424311
7959.18 1632.65 0.000869871
7959.18 1836.73 0.0011183
7959.18 2040.82 0.0010104
7959.18 2244.9 0.000491301
7959.18 2448.98 -0.000360442
7959.18 2653.06 -0.00137006
7959.18 2857.14 -0.00236043
7959.18 3061.22 -0.00325879
7959.18 3265.31 -0.00415994
7959.18 3469.39 -0.00530825
7959.18 3673.47 -0.00700069
7959.18 3877.55 -0.0077335
7959.18 4081.63 -0.00812503
7959.18 4285.71 -0.00895311
7959.18 4489.8 -0.00997531
7959.18 4693.88 -0.0109321
7959.18 4897.96 -0.0116029
7959.18 5102.04 -0.0118423
7959.18 5306.12 -0.0115998
7959.18 5510.2 -0.0109268
7959.18 5714.29 -0.00997002
7959.18 5918.37 -0.0089508
7959.18 6122.45 -0.00812941
7959.18 6326.53 -0.00774849
7959.18 6530.61 -0.00702839
7959.18 6734.69 -0.00534305
7959.18 6938.78 -0.00419198
7959.18 7142.86 -0.00327668
7959.18 7346.94 -0.00235536
7959.18 7551.02 -0.00134046
7959.18 7755.1 -0.000315011
7959.18 7959.18 0.000534022
7959.18 8163.27 0.0010271
7959.18 8367.35 0.00109
7959.18 8571.43 0.000792183
7959.18 8775.51 0.000314539
7959.18 8979.59 -0.000129691
7959.18 9183.67 -0.000378305
7959.18 9387.75 -0.000370886
7959.18 9591.84 -0.000150469
7959.18 9795.92 0.000176698
7959.18 10000 0.000499305
8163.27 0 0.000404042
8163.27 204.082 0.000197759
8163.27 408.163 -2.02765e-05
8163.27 612.245 -0.000212342
8163.27 816.327 -0.000325371
8163.27 1020.41 -0.000304392
8163.27 1224.49 -0.000117757
8163.27 1428.57 0.000216209
8163.27 1632.65 0.000617342
8163.27 1836.73 0.000959002
8163.27 2040.82 0.00110967
8163.27 2244.9 0.000983584
8163.27 2448.98 0.000574354
8163.27 2653.06 -4.89079e-05
8163.27 2857.14 -0.000784679
8163.27 3061.22 -0.00156061
8163.27 3265.31 -0.00238083
8163.27 3469.39 -0.00333224
8163.27 3673.47 -0.00454415
8163.27 3877.55 -0.00611917
8163.27 4081.63 -0.00806612
8163.27 4285.71 -0.0102637
8163.27 4489.8 -0.011414
8163.27 4693.88 -0.0123105
8163.27 4897.96 -0.0129249
8163.27 5102.04 -0.0131404
8163.27 5306.12 -0.0129159
8163.27 5510.2 -0.0122939
8163.27 5714.29 -0.0113926
8163.27 5918.37 -0.0102424
8163.27 6122.45 -0.00805337
8163.27 6326.53 -0.0061196
8163.27 6530.61 -0.00455892
8163.27 6734.69 -0.00335785
8163.27 6938.78 -0.00240923
8163.27 7142.86 -0.00158097
8163.27 7346.94 -0.000787022
8163.27 7551.02 -2.85131e-05
8163.27 7755.1 0.000613315
8163.27 7959.18 0.0010271
8163.27 8163.27 0.00113713
8163.27 8367.35 0.00095049
8163.27 8571.43 0.000563172
8163.27 8775.51 0.000124952
8163.27 8979.59 -0.000217021
8163.27 9183.67 -0.000368596
8163.27 9387.75 -0.000312345
8163.27 9591.84 -9.88394e-05
8163.27 9795.92 0.000185893
8163.27 10000 0.000459815
8367.35 0 0.000326652
8367.35 204.082 0.00017664
8367.35 408.163 2.47075e-05
8367.35 612.245 -0.00011577
8367.35 816.327 -0.000219947
8367.35 1020.41 -0.000251451
8367.35 1224.49 -0.000174721
8367.35 1428.57 2.41916e-05
8367.35 1632.65 0.000320079
8367.35 1836.73 0.000646736
8367.35 2040.82 0.000915577
8367.35 2244.9 0.00104785
8367.35 2448.98 0.00100478
8367.35 2653.06 0.000799622
8367.35 2857.14 0.00048464
8367.35 3061.22 0.000119615
8367.35 3265.31 -0.000261106
8367.35 3469.39 -0.000665397
8367.35 3673.47 -0.00113562
8367.35 3877.55 -0.00172083
8367.35 4081.63 -0.00244274
8367.35 4285.71 -0.00327129
8367.35 4489.8 -0.00412031
8367.35 4693.88 -0.00486497
8367.35 4897.96 -0.0053751
8367.35 5102.04 -0.00555307
8367.35 5306.12 -0.00536334
8367.35 5510.2 -0.00484361
8367.35 5714.29 -0.0040935
8367.35 5918.37 -0.00324468
8367.35 6122.45 -0.00242249
8367.35 6326.53 -0.00171218
8367.35 6530.61 -0.00114117
8367.35 6734.69 -0.00068362
8367.35 6938.78 -0.000285881
8367.35 7142.86 9.79244e-05
8367.35 7346.94 0.00047634
8367.35 7551.02 0.000811623
8367.35 7755.1 0.00103669
8367.35 7959.18 0.00109
8367.35 8163.27 0.00095049
8367.35 8367.35 0.000654714
8367.35 8571.43 0.000287626
8367.35 8775.51 -4.7558e-05
8367.35 8979.59 -0.000265501
8367.35 9183.67 -0.000324731
8367.35 9387.75 -0.000234111
8367.35 9591.84 -4.04095e-05
8367.35 9795.92 0.000194672
8367.35 10000 0.000417353
8571.43 0 0.000259329
8571.43 204.082 0.000157519
8571.43 408.163 6.43496e-05
8571.43 612.245 -2.54416e-05
8571.43 816.327 -0.000110851
8571.43 1020.41 -0.000175304
8571.43 1224.49 -0.00018875
8571.43 1428.57 -0.000121703
8571.43 1632.65 3.6611e-05
8571.43 1836.73 0.000267122
8571.43 2040.82 0.000524298
8571.43 2244.9 0.000753546
8571.43 2448.98 0.000914196
8571.43 2653.06 0.000996339
8571.43 2857.14 0.00102308
8571.43 3061.22 0.00103758
8571.43 3265.31 0.00108201
8571.43 3469.39 0.00117906
8571.43 3673.47 0.00132423
8571.43 3877.55 0.00149088
8571.43 4081.63 0.0016442
8571.43 4285.71 0.0017569
8571.43 4489.8 0.00181947
8571.43 4693.88 0.00184135
8571.43 4897.96 0.00184326
8571.43 5102.04 0.00184485
8571.43 5306.12 0.00185361
8571.43 5510.2 0.00186052
8571.43 5714.29 0.00184438
8571.43 5918.37 0.00178303
8571.43 6122.45 0.00166615
8571.43 6326.53 0.00150346
8571.43 6530.61 0.001324
8571.43 6734.69 0.0011659
8571.43 6938.78 0.0010601
8571.43 7142.86 0.00101501
8571.43 7346.94 0.00100976
8571.43 7551.02 0.00100052
8571.43 7755.1 0.000938492
8571.43 7959.18 0.000792183
8571.43 8163.27 0.000563172
8571.43 8367.35 0.000287626
8571.43 8571.43 2.28143e-05
8571.43 8775.51 -0.000174679
8571.43 8979.59 -0.000268636
8571.43 9183.67 -0.000252491
8571.43 9387.75 -0.000146104
8571.43 9591.84 1.59275e-05
8571.43 9795.92 0.000197415
8571.43 10000 0.000369797
8775.51 0 0.000195212
8775.51 204.082 0.000130779
8775.51 408.163 8.60494e-05
8775.51 612.245 4.32482e-05
8775.51 816.327 -1.47136e-05
8775.51 1020.41 -8.9461e-05
8775.51 1224.49 -0.000161992
8775.51 1428.57 -0.000200388
8775.51 1632.65 -0.000175634
8775.51 1836.73 -7.64053e-05
8775.51 2040.82 8.53448e-05
8775.51 2244.9 0.000281071
8775.51 2448.98 0.000480873
8775.51 2653.06 0.000669178
8775.51 2857.14 0.000853121
8775.51 3061.22 0.00105995
8775.51 3265.31 0.00132518
8775.51 3469.39 0.00167716
8775.51 3673.47 0.00212457
8775.51 3877.55 0.00265118
8775.51 4081.63 0.00321889
8775.51 4285.71 0.00377676
8775.51 4489.8 0.00427215
8775.51 4693.88 0.00465981
8775.51 4897.96 0.00490685
8775.51 5102.04 0.00499392
8775.51 5306.12 0.00491452
8775.51 5510.2 0.00467435
8775.51 5714.29 0.00429176
8775.51 5918.37 0.00379837
8775.51 6122.45 0.00323831
8775.51 6326.53 0.00266375
8775.51 6530.61 0.00212647
8775.51 6734.69 0.00166701
8775.51 6938.78 0.00130535
8775.51 7142.86 0.0010368
8775.51 7346.94 0.0008357
8775.51 7551.02 0.000666313
8775.51 7755.1 0.00049739
8775.51 7959.18 0.000314539
8775.51 8163.27 0.000124952
8775.51 8367.35 -4.7558e-05
8775.51 8571.43 -0.000174679
8775.51 8775.51 -0.000236728
8775.51 8979.59 -0.000230186
8775.51 9183.67 -0.000166617
8775.51 9387.75 -6.51217e-05
8775.51 9591.84 5.62143e-05
8775.51 9795.92 0.000184737
8775.51 10000 0.000312189
8979.59 0 0.000129543
8979.59 204.082 8.95532e-05
8979.59 408.163 8.02023e-05
8979.59 612.245 7.72049e-05
8979.59 816.327 5.1884e-05
8979.59 1020.41 -1.16093e-05
8979.59 1224.49 -0.000106766
8979.59 1428.57 -0.000207423
8979.59 1632.65 -0.000280068
8979.59 1836.73 -0.000298712
8979.59 2040.82 -0.000254734
8979.59 2244.9 -0.000157075
8979.59 2448.98 -2.35977e-05
8979.59 2653.06 0.000131151
8979.59 2857.14 0.000305536
8979.59 3061.22 0.000513465
8979.59 3265.31 0.000779137
8979.59 3469.39 0.00112645
8979.59 3673.47 0.0015675
8979.59 3877.55 0.00209436
8979.59 4081.63 0.00267695
8979.59 4285.71 0.00326718
8979.59 4489.8 0.00380773
8979.59 4693.88 0.00424223
8979.59 4897.96 0.00452414
8979.59 5102.04 0.00462311
8979.59 5306.12 0.00452864
8979.59 5510.2 0.00425116
8979.59 5714.29 0.00382054
8979.59 5918.37 0.00328232
8979.59 6122.45 0.00269157
8979.59 6326.53 0.00210461
8979.59 6530.61 0.00156954
8979.59 6734.69 0.001118
8979.59 6938.78 0.000761014
8979.59 7142.86 0.000490322
8979.59 7346.94 0.000285237
8979.59 7551.02 0.000122495
8979.59 7755.1 -1.4345e-05
8979.59 7959.18 -0.000129691
8979.59 8163.27 -0.000217021
8979.59 8367.35 -0.000265501
8979.59 8571.43 -0.000268636
8979.59 8775.51 -0.000230186
8979.59 8979.59 -0.000163677
8979.59 9183.67 -8.57845e-05
8979.59 9387.75 -7.90448e-06
8979.59 9591.84 6.85464e-05
8979.59 9795.92 0.000149783
8979.59 10000 0.000241734
9183.67 0 6.38508e-05
9183.67 204.082 3.52574e-05
9183.67 408.163 4.70363e-05
9183.67 612.245 7.36518e-05
9183.67 816.327 8.12365e-05
9183.67 1020.41 4.50476e-05
9183.67 1224.49 -3.90615e-05
9183.67 1428.57 -0.000153989
9183.67 1632.65 -0.000270206
9183.67 1836.73 -0.000358835
9183.67 2040.82 -0.000402552
9183.67 2244.9 -0.000399501
9183.67 2448.98 -0.000359438
9183.67 2653.06 -0.000295175
9183.67 2857.14 -0.000213895
9183.67 3061.22 -0.000112269
9183.67 3265.31 2.27109e-05
9183.67 3469.39 0.000207907
9183.67 3673.47 0.000455838
9183.67 3877.55 0.000767286
9183.67 4081.63 0.00112728
9183.67 4285.71 0.00150581
9183.67 4489.8 0.00186292
9183.67 4693.88 0.00215633
9183.67 4897.96 0.00234925
9183.67 5102.04 0.00241691
9183.67 5306.12 0.00235079
9183.67 5510.2 0.00215993
9183.67 5714.29 0.00186912
9183.67 5918.37 0.00151438
9183.67 6122.45 0.00113664
9183.67 6326.53 0.00077446
9183.67 6530.61 0.000457221
9183.67 6734.69 0.000200668
9183.67 6938.78 6.43009e-06
9183.67 7142.86 -0.000134482
9183.67 7346.94 -0.000235494
9183.67 7551.02 -0.000307865
9183.67 7755.1 -0.000356247
9183.67 7959.18 -0.000378305
9183.67 8163.27 -0.000368596
9183.67 8367.35 -0.000324731
9183.67 8571.43 -0.000252491
9183.67 8775.51 -0.000166617
9183.67 8979.59 -8.57845e-05
9183.67 9183.67 -2.38425e-05
9183.67 9387.75 1.76832e-05
9183.67 9591.84 5.08712e-05
9183.67 9795.92 9.45705e-05
9183.67 10000 0.000162569
9387.75 0 7.56088e-06
9387.75 204.082 -2.00216e-05
9387.75 408.163 -3.89944e-08
9387.75 612.245 4.46875e-05
9387.75 816.327 8.05452e-05
9387.75 1020.41 7.93383e-05
9387.75 1224.49 2.99198e-05
9387.75 1428.57 -5.9304e-05
9387.75 1632.65 -0.000166359
9387.75 1836.73 -0.000266322
9387.75 2040.82 -0.00034144
9387.75 2244.9 -0.000386465
9387.75 2448.98 -0.000407766
9387.75 2653.06 -0.000417777
9387.75 2857.14 -0.000427853
9387.75 3061.22 -0.000442735
9387.75 3265.31 -0.000458683
9387.75 3469.39 -0.000465524
9387.75 3673.47 -0.000451263
9387.75 3877.55 -0.00040732
9387.75 4081.63 -0.000332591
9387.75 4285.71 -0.000234987
9387.75 4489.8 -0.00012991
9387.75 4693.88 -3.63312e-05
9387.75 4897.96 2.79439e-05
9387.75 5102.04 5.04961e-05
9387.75 5306.12 2.72015e-05
9387.75 5510.2 -3.6882e-05
9387.75 5714.29 -0.000128972
9387.75 5918.37 -0.000231794
9387.75 6122.45 -0.0003277
9387.75 6326.53 -0.000402887
9387.75 6530.61 -0.000450523
9387.75 6734.69 -0.000471535
9387.75 6938.78 -0.000472712
9387.75 7142.86 -0.000462948
9387.75 7346.94 -0.000449018
9387.75 7551.02 -0.000432457
9387.75 7755.1 -0.000408946
9387.75 7959.18 -0.000370886
9387.75 8163.27 -0.000312345
9387.75 8367.35 -0.000234111
9387.75 8571.43 -0.000146104
9387.75 8775.51 -6.51217e-05
9387.75 8979.59 -7.90448e-06
9387.75 9183.67 1.76832e-05
9387.75 9387.75 1.85672e-05
9387.75 9591.84 1.53197e-05
9387.75 9795.92 3.29787e-05
9387.75 10000 8.76909e-05
9591.84 0 -2.46228e-05
9591.84 204.082 -5.65063e-05
9591.84 408.163 -3.74065e-05
9591.84 612.245 1.48998e-05
9591.84 816.327 7.09406e-05
9591.84 1020.41 0.000103574
9591.84 1224.49 9.86132e-05
9591.84 1428.57 5.80508e-05
9591.84 1632.65 -3.83973e-06
9591.84 1836.73 -6.87037e-05
9591.84 2040.82 -0.000122616
9591.84 2244.9 -0.000161416
9591.84 2448.98 -0.000191337
9591.84 2653.06 -0.000225519
9591.84 2857.14 -0.000278394
9591.84 3061.22 -0.000360329
9591.84 3265.31 -0.000474396
9591.84 3469.39 -0.000615888
9591.84 3673.47 -0.000774076
9591.84 3877.55 -0.000935255
9591.84 4081.63 -0.00108611
9591.84 4285.71 -0.00121643
9591.84 4489.8 -0.00132019
9591.84 4693.88 -0.0013949
9591.84 4897.96 -0.0014401
9591.84 5102.04 -0.00145596
9591.84 5306.12 -0.00144224
9591.84 5510.2 -0.00139804
9591.84 5714.29 -0.00132264
9591.84 5918.37 -0.00121683
9591.84 6122.45 -0.00108433
9591.84 6326.53 -0.00093278
9591.84 6530.61 -0.000773674
9591.84 6734.69 -0.000620544
9591.84 6938.78 -0.000485826
9591.84 7142.86 -0.000377636
9591.84 7346.94 -0.000297557
9591.84 7551.02 -0.000240199
9591.84 7755.1 -0.00019504
9591.84 7959.18 -0.000150469
9591.84 8163.27 -9.88394e-05
9591.84 8367.35 -4.04095e-05
9591.84 8571.43 1.59275e-05
9591.84 8775.51 5.62143e-05
9591.84 8979.59 6.85464e-05
9591.84 9183.67 5.08712e-05
9591.84 9387.75 1.53197e-05
9591.84 9591.84 -1.42912e-05
9591.84 9795.92 -1.22252e-05
9591.84 10000 3.61051e-05
9795.92 0 -1.9265e-05
9795.92 204.082 -5.49412e-05
9795.92 408.163 -4.06382e-05
9795.92 612.245 1.15838e-05
9795.92 816.327 7.84888e-05
9795.92 1020.41 0.000136966
9795.92 1224.49 0.000172961
9795.92 1428.57 0.000184702
9795.92 1632.65 0.000180272
9795.92 1836.73 0.000171528
9795.92 2040.82 0.000167399
9795.92 2244.9 0.000169264
9795.92 2448.98 0.000169802
9795.92 2653.06 0.000155179
9795.92 2857.14 0.000109394
9795.92 3061.22 1.90045e-05
9795.92 3265.31 -0.000123258
9795.92 3469.39 -0.000316652
9795.92 3673.47 -0.000552337
9795.92 3877.55 -0.000814775
9795.92 4081.63 -0.00108427
9795.92 4285.71 -0.00133999
9795.92 4489.8 -0.00156243
9795.92 4693.88 -0.00173496
9795.92 4897.96 -0.00184466
9795.92 5102.04 -0.0018832
9795.92 5306.12 -0.00184734
9795.92 5510.2 -0.00173919
9795.92 5714.29 -0.00156645
9795.92 5918.37 -0.00134225
9795.92 6122.45 -0.00108429
9795.92 6326.53 -0.000813523
9795.92 6530.61 -0.000552067
9795.92 6734.69 -0.000320023
9795.92 6938.78 -0.000132055
9795.92 7142.86 5.0886e-06
9795.92 7346.94 9.33352e-05
9795.92 7551.02 0.000142094
9795.92 7755.1 0.000165235
9795.92 7959.18 0.000176698
9795.92 8163.27 0.000185893
9795.92 8367.35 0.000194672
9795.92 8571.43 0.000197415
9795.92 8775.51 0.000184737
9795.92 8979.59 0.000149783
9795.92 9183.67 9.45705e-05
9795.92 9387.75 3.29787e-05
9795.92 9591.84 -1.22252e-05
9795.92 9795.92 -1.84356e-05
9795.92 10000 2.53245e-05
10000 0 2.81252e-05
10000 204.082 -6.65888e-06
10000 408.163 3.4714e-06
10000 612.245 5.15313e-05
10000 816.327 0.000120963
10000 1020.41 0.000194022
10000 1224.49 0.000258703
10000 1428.57 0.000311586
10000 1632.65 0.000356411
10000 1836.73 0.000399781
10000 2040.82 0.000446183
10000 2244.9 0.00049436
10000 2448.98 0.000536168
10000 2653.06 0.000558009
10000 2857.14 0.000544114
10000 3061.22 0.000480438
10000 3265.31 0.000358024
10000 3469.39 0.000175274
10000 3673.47 -6.10449e-05
10000 3877.55 -0.000336218
10000 4081.63 -0.00062939
10000 4285.71 -0.000916326
10000 4489.8 -0.00117232
10000 4693.88 -0.00137465
10000 4897.96 -0.00150483
10000 5102.04 -0.00155062
10000 5306.12 -0.00150742
10000 5510.2 -0.00137883
10000 5714.29 -0.00117654
10000 5918.37 -0.000919161
10000 6122.45 -0.000630247
10000 6326.53 -0.000335723
10000 6530.61 -6.09199e-05
10000 6734.69 0.000172878
10000 6938.78 0.000351542
10000 7142.86 0.000469893
10000 7346.94 0.000531633
10000 7551.02 0.000547478
10000 7755.1 0.000531939
10000 7959.18 0.000499305
10000 8163.27 0.000459815
10000 8367.35 0.000417353
10000 8571.43 0.000369797
10000 8775.51 0.000312189
10000 8979.59 0.000241734
10000 9183.67 0.000162569
10000 9387.75 8.76909e-05
10000 9591.84 3.61051e-05
10000 9795.92 2.53245e-05
10000 10000 6.23184e-05
