0 0 0.000585138
0 204.082 0.000549587
0 408.163 0.000484694
0 612.245 0.000386681
0 816.327 0.000255444
0 1020.41 9.44736e-05
0 1224.49 -8.94776e-05
0 1428.57 -0.000286894
0 1632.65 -0.000486285
0 1836.73 -0.000675239
0 2040.82 -0.000841641
0 2244.9 -0.000974795
0 2448.98 -0.00106633
0 2653.06 -0.00111082
0 2857.14 -0.00110613
0 3061.22 -0.00105348
0 3265.31 -0.000957393
0 3469.39 -0.000825245
0 3673.47 -0.000666784
0 3877.55 -0.000493452
0 4081.63 -0.00031766
0 4285.71 -0.000151981
0 4489.8 -8.27572e-06
0 4693.88 0.000103127
0 4897.96 0.00017414
0 5102.04 0.000199459
0 5306.12 0.000176966
0 5510.2 0.000107933
0 5714.29 -3.01753e-06
0 5918.37 -0.000148175
0 6122.45 -0.000317187
0 6326.53 -0.000497723
0 6530.61 -0.000676335
0 6734.69 -0.000839444
0 6938.78 -0.000974326
0 7142.86 -0.00107009
0 7346.94 -0.00111859
0 7551.02 -0.00111515
0 7755.1 -0.00105911
0 7959.18 -0.000953937
0 8163.27 -0.000806957
0 8367.35 -0.000628736
0 8571.43 -0.000432058
0 8775.51 -0.000230616
0 8979.59 -3.75556e-05
0 9183.67 0.000135879
0 9387.75 0.000281405
0 9591.84 0.00039436
0 9795.92 0.000474074
0 10000 0.000523914
204.082 0 0.000549587
204.082 204.082 0.000505507
204.082 408.163 0.000430246
204.082 612.245 0.000320564
204.082 816.327 0.000177591
204.082 1020.41 6.59943e-06
204.082 1224.49 -0.000183539
204.082 1428.57 -0.000381096
204.082 1632.65 -0.000572549
204.082 1836.73 -0.000743913
204.082 2040.82 -0.00088217
204.082 2244.9 -0.000976526
204.082 2448.98 -0.00101932
204.082 2653.06 -0.00100656
204.082 2857.14 -0.000938104
204.082 3061.22 -0.000817572
204.082 3265.31 -0.000652002
204.082 3469.39 -0.000451315
204.082 3673.47 -0.000227607
204.082 3877.55 5.64823e-06
204.082 4081.63 0.000234391
204.082 4285.71 0.000444805
204.082 4489.8 0.000624143
204.082 4693.88 0.000761484
204.082 4897.96 0.000848364
204.082 5102.04 0.000879245
204.082 5306.12 0.000851861
204.082 5510.2 0.000767427
204.082 5714.29 0.000630637
204.082 5918.37 0.000449487
204.082 6122.45 0.000234933
204.082 6326.53 3.15e-07
204.082 6530.61 -0.000239455
204.082 6734.69 -0.000468864
204.082 6938.78 -0.000672851
204.082 7142.86 -0.000837918
204.082 7346.94 -0.000953242
204.082 7551.02 -0.00101165
204.082 7755.1 -0.00101034
204.082 7959.18 -0.000951183
204.082 8163.27 -0.000840643
204.082 8367.35 -0.000689147
204.082 8571.43 -0.00051005
204.082 8775.51 -0.000318169
204.082 8979.59 -0.000128118
204.082 9183.67 4.72778e-05
204.082 9387.75 0.00019824
204.082 9591.84 0.000318812
204.082 9795.92 0.000407304
204.082 10000 0.000466388
408.163 0 0.000484694
408.163 204.082 0.000430246
408.163 408.163 0.000346021
408.163 612.245 0.000230301
408.163 816.327 8.61279e-05
408.163 1020.41 -7.91157e-05
408.163 1224.49 -0.000254501
408.163 1428.57 -0.000426585
408.163 1632.65 -0.000580763
408.163 1836.73 -0.000702821
408.163 2040.82 -0.000780477
408.163 2244.9 -0.000804617
408.163 2448.98 -0.000770061
408.163 2653.06 -0.000675863
408.163 2857.14 -0.000525199
408.163 3061.22 -0.000324971
408.163 3265.31 -8.51698e-05
408.163 3469.39 0.000181897
408.163 3673.47 0.000462501
408.163 3877.55 0.00074239
408.163 4081.63 0.00100759
408.163 4285.71 0.00124507
408.163 4489.8 0.00144338
408.163 4693.88 0.00159302
408.163 4897.96 0.00168681
408.163 5102.04 0.00172008
408.163 5306.12 0.00169079
408.163 5510.2 0.00159975
408.163 5714.29 0.00145065
408.163 5918.37 0.00125013
408.163 6122.45 0.00100774
408.163 6326.53 0.000735682
408.163 6530.61 0.000448283
408.163 6734.69 0.00016125
408.163 6938.78 -0.000109304
408.163 7142.86 -0.000348042
408.163 7346.94 -0.000541683
408.163 7551.02 -0.000680214
408.163 7755.1 -0.000757871
408.163 7959.18 -0.00077372
408.163 8163.27 -0.000731772
408.163 8367.35 -0.000640559
408.163 8571.43 -0.000512154
408.163 8775.51 -0.000360713
408.163 8979.59 -0.000200738
408.163 9183.67 -4.53838e-05
408.163 9387.75 9.4883e-05
408.163 9591.84 0.000213106
408.163 9795.92 0.000306257
408.163 10000 0.000375317
612.245 0 0.000386681
612.245 204.082 0.000320564
612.245 408.163 0.000230301
612.245 612.245 0.000116725
612.245 816.327 -1.47632e-05
612.245 1020.41 -0.000154833
612.245 1224.49 -0.000291256
612.245 1428.57 -0.000410204
612.245 1632.65 -0.000497789
612.245 1836.73 -0.000541708
612.245 2040.82 -0.000532704
612.245 2244.9 -0.000465567
612.245 2448.98 -0.000339572
612.245 2653.06 -0.000158381
612.245 2857.14 7.04714e-05
612.245 3061.22 0.000336371
612.245 3265.31 0.000626609
612.245 3469.39 0.000927456
612.245 3673.47 0.00122525
612.245 3877.55 0.00150737
612.245 4081.63 0.0017629
612.245 4285.71 0.00198301
612.245 4489.8 0.00216101
612.245 4693.88 0.00229211
612.245 4897.96 0.00237307
612.245 5102.04 0.00240183
612.245 5306.12 0.00237722
612.245 5510.2 0.00229904
612.245 5714.29 0.00216827
612.245 5918.37 0.00198759
612.245 6122.45 0.00176189
612.245 6326.53 0.00149874
612.245 6530.61 0.00120849
612.245 6734.69 0.000904008
612.245 6938.78 0.000600006
612.245 7142.86 0.000311882
612.245 7346.94 5.43161e-05
612.245 7551.02 -0.000160183
612.245 7755.1 -0.000322556
612.245 7959.18 -0.000428087
612.245 8163.27 -0.00047681
612.245 8367.35 -0.000473346
612.245 8571.43 -0.000426135
612.245 8775.51 -0.000346175
612.245 8979.59 -0.000245422
612.245 9183.67 -0.000135212
612.245 9387.75 -2.50428e-05
612.245 9591.84 7.80875e-05
612.245 9795.92 0.000169894
612.245 10000 0.000248753
816.327 0 0.000255444
816.327 204.082 0.000177591
816.327 408.163 8.61279e-05
816.327 612.245 -1.47632e-05
816.327 816.327 -0.000117412
816.327 1020.41 -0.000211504
816.327 1224.49 -0.00028525
816.327 1428.57 -0.000326769
816.327 1632.65 -0.000325609
816.327 1836.73 -0.000274202
816.327 2040.82 -0.000168973
816.327 2244.9 -1.08705e-05
816.327 2448.98 0.000194705
816.327 2653.06 0.000438486
816.327 2857.14 0.00070828
816.327 3061.22 0.000990153
816.327 3265.31 0.00126979
816.327 3469.39 0.00153389
816.327 3673.47 0.00177152
816.327 3877.55 0.00197512
816.327 4081.63 0.00214099
816.327 4285.71 0.00226912
816.327 4489.8 0.00236233
816.327 4693.88 0.00242501
816.327 4897.96 0.00246152
816.327 5102.04 0.00247479
816.327 5306.12 0.0024654
816.327 5510.2 0.00243133
816.327 5714.29 0.00236852
816.327 5918.37 0.00227205
816.327 6122.45 0.00213774
816.327 6326.53 0.00196376
816.327 6530.61 0.00175183
816.327 6734.69 0.00150782
816.327 6938.78 0.0012415
816.327 7142.86 0.000965579
816.327 7346.94 0.000694166
816.327 7551.02 0.000441047
816.327 7755.1 0.000218082
816.327 7959.18 3.40078e-05
816.327 8163.27 -0.00010624
816.327 8367.35 -0.000201622
816.327 8571.43 -0.000254531
816.327 8775.51 -0.000269883
816.327 8979.59 -0.000253935
816.327 9183.67 -0.000213129
816.327 9387.75 -0.000153345
816.327 9591.84 -7.97517e-05
816.327 9795.92 2.8888e-06
816.327 10000 8.98555e-05
1020.41 0 9.44736e-05
1020.41 204.082 6.59943e-06
1020.41 408.163 -7.91157e-05
1020.41 612.245 -0.000154833
1020.41 816.327 -0.000211504
1020.41 1020.41 -0.000239832
1020.41 1224.49 -0.00023132
1020.41 1428.57 -0.000179395
1020.41 1632.65 -8.05037e-05
1020.41 1836.73 6.50293e-05
1020.41 2040.82 0.000252595
1020.41 2244.9 0.000473465
1020.41 2448.98 0.000715438
1020.41 2653.06 0.000963815
1020.41 2857.14 0.00120261
1020.41 3061.22 0.00141595
1020.41 3265.31 0.00158977
1020.41 3469.39 0.00171363
1020.41 3673.47 0.00178237
1020.41 3877.55 0.00179735
1020.41 4081.63 0.00176676
1020.41 4285.71 0.00170466
1020.41 4489.8 0.00162899
1020.41 4693.88 0.00155856
1020.41 4897.96 0.00150973
1020.41 5102.04 0.00149337
1020.41 5306.12 0.00151281
1020.41 5510.2 0.00156328
1020.41 5714.29 0.0016328
1020.41 5918.37 0.00170451
1020.41 6122.45 0.0017599
1020.41 6326.53 0.00178218
1020.41 6530.61 0.00175915
1020.41 6734.69 0.00168493
1020.41 6938.78 0.00156042
1020.41 7142.86 0.00139246
1020.41 7346.94 0.00119207
1020.41 7551.02 0.000972336
1020.41 7755.1 0.000746434
1020.41 7959.18 0.000526216
1020.41 8163.27 0.000321435
1020.41 8367.35 0.000139578
1020.41 8571.43 -1.38802e-05
1020.41 8775.51 -0.000134986
1020.41 8979.59 -0.000220789
1020.41 9183.67 -0.000269024
1020.41 9387.75 -0.000278336
1020.41 9591.84 -0.000249156
1020.41 9795.92 -0.000185017
1020.41 10000 -9.35215e-05
1224.49 0 -8.94776e-05
1224.49 204.082 -0.000183539
1224.49 408.163 -0.000254501
1224.49 612.245 -0.000291256
1224.49 816.327 -0.00028525
1224.49 1020.41 -0.00023132
1224.49 1224.49 -0.00012818
1224.49 1428.57 2.12829e-05
1224.49 1632.65 0.00020995
1224.49 1836.73 0.000426765
1224.49 2040.82 0.000657417
1224.49 2244.9 0.000885319
1224.49 2448.98 0.00109263
1224.49 2653.06 0.0012612
1224.49 2857.14 0.00137356
1224.49 3061.22 0.00141417
1224.49 3265.31 0.00137127
1224.49 3469.39 0.00123928
1224.49 3673.47 0.00102114
1224.49 3877.55 0.00073017
1224.49 4081.63 0.00039037
1224.49 4285.71 3.4808e-05
1224.49 4489.8 -0.000298041
1224.49 4693.88 -0.000569517
1224.49 4897.96 -0.000746663
1224.49 5102.04 -0.000807559
1224.49 5306.12 -0.000744958
1224.49 5510.2 -0.000567471
1224.49 5714.29 -0.000298043
1224.49 5918.37 2.99785e-05
1224.49 6122.45 0.00037837
1224.49 6326.53 0.000709937
1224.49 6530.61 0.000993606
1224.49 6734.69 0.00120774
1224.49 6938.78 0.00134127
1224.49 7142.86 0.00139271
1224.49 7346.94 0.00136787
1224.49 7551.02 0.00127695
1224.49 7755.1 0.00113212
1224.49 7959.18 0.000946013
1224.49 8163.27 0.000731261
1224.49 8367.35 0.000500772
1224.49 8571.43 0.000268204
1224.49 8775.51 4.81967e-05
1224.49 8979.59 -0.000143911
1224.49 9183.67 -0.000293059
1224.49 9387.75 -0.000386307
1224.49 9591.84 -0.000415479
1224.49 9795.92 -0.000380151
1224.49 10000 -0.000289684
1428.57 0 -0.000286894
1428.57 204.082 -0.000381096
1428.57 408.163 -0.000426585
1428.57 612.245 -0.000410204
1428.57 816.327 -0.000326769
1428.57 1020.41 -0.000179395
1428.57 1224.49 2.12829e-05
1428.57 1428.57 0.000258466
1428.57 1632.65 0.000511012
1428.57 1836.73 0.000755562
1428.57 2040.82 0.000968675
1428.57 2244.9 0.00112846
1428.57 2448.98 0.00121537
1428.57 2653.06 0.00121216
1428.57 2857.14 0.00110371
1428.57 3061.22 0.000877441
1428.57 3265.31 0.000525114
1428.57 3469.39 4.61076e-05
1428.57 3673.47 -0.000548682
1428.57 3877.55 -0.00123363
1428.57 4081.63 -0.00196734
1428.57 4285.71 -0.00269477
1428.57 4489.8 -0.0033528
1428.57 4693.88 -0.00387836
1428.57 4897.96 -0.00421773
1428.57 5102.04 -0.00433501
1428.57 5306.12 -0.00421799
1428.57 5510.2 -0.00388009
1428.57 5714.29 -0.00335808
1428.57 5918.37 -0.00270591
1428.57 6122.45 -0.00198604
1428.57 6326.53 -0.0012602
1428.57 6530.61 -0.000581349
1428.57 6734.69 1.14833e-05
1428.57 6938.78 0.00049476
1428.57 7142.86 0.000858781
1428.57 7346.94 0.00110387
1428.57 7551.02 0.00123607
1428.57 7755.1 0.00126385
1428.57 7959.18 0.00119678
1428.57 8163.27 0.0010461
1428.57 8367.35 0.000826373
1428.57 8571.43 0.00055713
1428.57 8775.51 0.000263434
1428.57 8979.59 -2.51025e-05
1428.57 9183.67 -0.000277008
1428.57 9387.75 -0.000463195
1428.57 9591.84 -0.000562307
1428.57 9795.92 -0.000566304
1428.57 10000 -0.000484212
1632.65 0 -0.000486285
1632.65 204.082 -0.000572549
1632.65 408.163 -0.000580763
1632.65 612.245 -0.000497789
1632.65 816.327 -0.000325609
1632.65 1020.41 -8.05037e-05
1632.65 1224.49 0.00020995
1632.65 1428.57 0.000511012
1632.65 1632.65 0.000785547
1632.65 1836.73 0.000998763
1632.65 2040.82 0.00112196
1632.65 2244.9 0.00113429
1632.65 2448.98 0.00102203
1632.65 2653.06 0.000776019
1632.65 2857.14 0.00038862
1632.65 3061.22 -0.000147717
1632.65 3265.31 -0.000838866
1632.65 3469.39 -0.00168413
1632.65 3673.47 -0.00266949
1632.65 3877.55 -0.00376138
1632.65 4081.63 -0.00490373
1632.65 4285.71 -0.00602012
1632.65 4489.8 -0.00702132
1632.65 4693.88 -0.00781715
1632.65 4897.96 -0.00833012
1632.65 5102.04 -0.00850806
1632.65 5306.12 -0.0083329
1632.65 5510.2 -0.00782367
1632.65 5714.29 -0.00703321
1632.65 5918.37 -0.00603902
1632.65 6122.45 -0.00493051
1632.65 6326.53 -0.00379538
1632.65 6530.61 -0.00270796
1632.65 6734.69 -0.00172201
1632.65 6938.78 -0.000869239
1632.65 7142.86 -0.000162892
1632.65 7346.94 0.000395459
1632.65 7551.02 0.000808753
1632.65 7755.1 0.00107966
1632.65 7959.18 0.00120958
1632.65 8163.27 0.00120131
1632.65 8367.35 0.00106371
1632.65 8571.43 0.000816078
1632.65 8775.51 0.000490338
1632.65 8979.59 0.000129788
1632.65 9183.67 -0.00021553
1632.65 9387.75 -0.000496327
1632.65 9591.84 -0.000673282
1632.65 9795.92 -0.000726394
1632.65 10000 -0.000661343
1836.73 0 -0.000675239
1836.73 204.082 -0.000743913
1836.73 408.163 -0.000702821
1836.73 612.245 -0.000541708
1836.73 816.327 -0.000274202
1836.73 1020.41 6.50293e-05
1836.73 1224.49 0.000426765
1836.73 1428.57 0.000755562
1836.73 1632.65 0.000998763
1836.73 1836.73 0.00111458
1836.73 2040.82 0.00107739
1836.73 2244.9 0.000878413
1836.73 2448.98 0.000521593
1836.73 2653.06 1.58173e-05
1836.73 2857.14 -0.000633177
1836.73 3061.22 -0.00142755
1836.73 3265.31 -0.00237602
1836.73 3469.39 -0.00348605
1836.73 3673.47 -0.00475194
1836.73 3877.55 -0.00614325
1836.73 4081.63 -0.007598
1836.73 4285.71 -0.00902383
1836.73 4489.8 -0.0103077
1836.73 4693.88 -0.0113323
1836.73 4897.96 -0.0119949
1836.73 5102.04 -0.0122259
1836.73 5306.12 -0.0120007
1836.73 5510.2 -0.0113444
1836.73 5714.29 -0.0103273
1836.73 5918.37 -0.00905161
1836.73 6122.45 -0.00763385
1836.73 6326.53 -0.0061854
1836.73 6530.61 -0.00479652
1836.73 6734.69 -0.00352704
1836.73 6938.78 -0.00240588
1836.73 7142.86 -0.00143847
1836.73 7346.94 -0.000618883
1836.73 7551.02 5.78786e-05
1836.73 7755.1 0.000588315
1836.73 7959.18 0.000959828
1836.73 8163.27 0.00115691
1836.73 8367.35 0.00117112
1836.73 8571.43 0.00101073
1836.73 8775.51 0.000706452
1836.73 8979.59 0.000311071
1836.73 9183.67 -0.000107156
1836.73 9387.75 -0.000476051
1836.73 9591.84 -0.000733947
1836.73 9795.92 -0.000844236
1836.73 10000 -0.000805516
2040.82 0 -0.000841641
2040.82 204.082 -0.00088217
2040.82 408.163 -0.000780477
2040.82 612.245 -0.000532704
2040.82 816.327 -0.000168973
2040.82 1020.41 0.000252595
2040.82 1224.49 0.000657417
2040.82 1428.57 0.000968675
2040.82 1632.65 0.00112196
2040.82 1836.73 0.00107739
2040.82 2040.82 0.000825863
2040.82 2244.9 0.000387025
2040.82 2448.98 -0.00020145
2040.82 2653.06 -0.000900139
2040.82 2857.14 -0.00168416
2040.82 3061.22 -0.00255289
2040.82 3265.31 -0.00352866
2040.82 3469.39 -0.00464386
2040.82 3673.47 -0.00592067
2040.82 3877.55 -0.00735066
2040.82 4081.63 -0.00888158
2040.82 4285.71 -0.0104162
2040.82 4489.8 -0.0104628
2040.82 4693.88 -0.0103637
2040.82 4897.96 -0.0103073
2040.82 5102.04 -0.0102916
2040.82 5306.12 -0.0103158
2040.82 5510.2 -0.0103811
2040.82 5714.29 -0.0104898
2040.82 5918.37 -0.0104535
2040.82 6122.45 -0.00892692
2040.82 6326.53 -0.00740107
2040.82 6530.61 -0.00597111
2040.82 6734.69 -0.00468736
2040.82 6938.78 -0.00355714
2040.82 7142.86 -0.00255857
2040.82 7346.94 -0.00166156
2040.82 7551.02 -0.000848287
2040.82 7755.1 -0.000125798
2040.82 7959.18 0.000473631
2040.82 8163.27 0.000903862
2040.82 8367.35 0.00112324
2040.82 8571.43 0.00111298
2040.82 8775.51 0.000889331
2040.82 8979.59 0.000505822
2040.82 9183.67 4.5194e-05
2040.82 9387.75 -0.000396975
2040.82 9591.84 -0.000733342
2040.82 9795.92 -0.000906215
2040.82 10000 -0.000902915
2244.9 0 -0.000974795
2244.9 204.082 -0.000976526
2244.9 408.163 -0.000804617
2244.9 612.245 -0.000465567
2244.9 816.327 -1.08705e-05
2244.9 1020.41 0.000473465
2244.9 1224.49 0.000885319
2244.9 1428.57 0.00112846
2244.9 1632.65 0.00113429
2244.9 1836.73 0.000878413
2244.9 2040.82 0.000387025
2244.9 2244.9 -0.000270641
2244.9 2448.98 -0.00100331
2244.9 2653.06 -0.00172696
2244.9 2857.14 -0.00239288
2244.9 3061.22 -0.00300419
2244.9 3265.31 -0.00361385
2244.9 3469.39 -0.00430368
2244.9 3673.47 -0.00515145
2244.9 3877.55 -0.00464493
2244.9 4081.63 -0.00344424
2244.9 4285.71 -0.00245336
2244.9 4489.8 -0.00168954
2244.9 4693.88 -0.00115288
2244.9 4897.96 -0.000837062
2244.9 5102.04 -0.000735888
2244.9 5306.12 -0.000846753
2244.9 5510.2 -0.00117231
2244.9 5714.29 -0.00171872
2244.9 5918.37 -0.00249207
2244.9 6122.45 -0.0034917
2244.9 6326.53 -0.00469937
2244.9 6530.61 -0.00520686
2244.9 6734.69 -0.00434852
2244.9 6938.78 -0.00363963
2244.9 7142.86 -0.00300337
2244.9 7346.94 -0.00236097
2244.9 7551.02 -0.00166481
2244.9 7755.1 -0.000918895
2244.9 7959.18 -0.000179743
2244.9 8163.27 0.000461963
2244.9 8367.35 0.00091173
2244.9 8571.43 0.0011027
2244.9 8775.51 0.00101812
2244.9 8979.59 0.00069878
2244.9 9183.67 0.000234282
2244.9 9387.75 -0.000258599
2244.9 9591.84 -0.000665105
2244.9 9795.92 -0.000902588
2244.9 10000 -0.00094275
2448.98 0 -0.00106633
2448.98 204.082 -0.00101932
2448.98 408.163 -0.000770061
2448.98 612.245 -0.000339572
2448.98 816.327 0.000194705
2448.98 1020.41 0.000715438
2448.98 1224.49 0.00109263
2448.98 1428.57 0.00121537
2448.98 1632.65 0.00102203
2448.98 1836.73 0.000521593
2448.98 2040.82 -0.00020145
2448.98 2244.9 -0.00100331
2448.98 2448.98 -0.00171695
2448.98 2653.06 -0.00219927
2448.98 2857.14 -0.00237502
2448.98 3061.22 -0.00226168
2448.98 3265.31 -0.00196549
2448.98 3469.39 -0.000508795
2448.98 3673.47 0.00230791
2448.98 3877.55 0.00483776
2448.98 4081.63 0.00699486
2448.98 4285.71 0.00874521
2448.98 4489.8 0.010085
2448.98 4693.88 0.0110251
2448.98 4897.96 0.0115797
2448.98 5102.04 0.01176
2448.98 5306.12 0.0115699
2448.98 5510.2 0.0110056
2448.98 5714.29 0.0100563
2448.98 5918.37 0.00870821
2448.98 6122.45 0.00695113
2448.98 6326.53 0.00478995
2448.98 6530.61 0.00226021
2448.98 6734.69 -0.000549903
2448.98 6938.78 -0.00198685
2448.98 7142.86 -0.0022528
2448.98 7346.94 -0.00233265
2448.98 7551.02 -0.00212625
2448.98 7755.1 -0.00162388
2448.98 7959.18 -0.000908916
2448.98 8163.27 -0.00013085
2448.98 8367.35 0.000540988
2448.98 8571.43 0.000966909
2448.98 8775.51 0.00107428
2448.98 8979.59 0.000873297
2448.98 9183.67 0.000449119
2448.98 9387.75 -6.53154e-05
2448.98 9591.84 -0.000527957
2448.98 9795.92 -0.000828273
2448.98 10000 -0.000918159
2653.06 0 -0.00111082
2653.06 204.082 -0.00100656
2653.06 408.163 -0.000675863
2653.06 612.245 -0.000158381
2653.06 816.327 0.000438486
2653.06 1020.41 0.000963815
2653.06 1224.49 0.0012612
2653.06 1428.57 0.00121216
2653.06 1632.65 0.000776019
2653.06 1836.73 1.58173e-05
2653.06 2040.82 -0.000900139
2653.06 2244.9 -0.00172696
2653.06 2448.98 -0.00219927
2653.06 2653.06 -0.00210157
2653.06 2857.14 -0.00133159
2653.06 3061.22 6.50472e-05
2653.06 3265.31 0.00404362
2653.06 3469.39 0.00848147
2653.06 3673.47 0.0125681
2653.06 3877.55 0.0161543
2653.06 4081.63 0.0191717
2653.06 4285.71 0.0216027
2653.06 4489.8 0.0234577
2653.06 4693.88 0.024758
2653.06 4897.96 0.0255258
2653.06 5102.04 0.0257767
2653.06 5306.12 0.0255165
2653.06 5510.2 0.0247396
2653.06 5714.29 0.0234311
2653.06 5918.37 0.0215692
2653.06 6122.45 0.0191333
2653.06 6326.53 0.0161141
2653.06 6530.61 0.0125306
2653.06 6734.69 0.00845298
2653.06 6938.78 0.00403287
2653.06 7142.86 8.36904e-05
2653.06 7346.94 -0.00127755
2653.06 7551.02 -0.00201709
2653.06 7755.1 -0.00209764
2653.06 7959.18 -0.00162973
2653.06 8163.27 -0.000834869
2653.06 8367.35 2.04141e-05
2653.06 8571.43 0.000697193
2653.06 8775.51 0.0010415
2653.06 8979.59 0.00101221
2653.06 9183.67 0.000675877
2653.06 9387.75 0.000174123
2653.06 9591.84 -0.000325633
2653.06 9795.92 -0.000683133
2653.06 10000 -0.000826687
2857.14 0 -0.00110613
2857.14 204.082 -0.000938104
2857.14 408.163 -0.000525199
2857.14 612.245 7.04714e-05
2857.14 816.327 0.00070828
2857.14 1020.41 0.00120261
2857.14 1224.49 0.00137356
2857.14 1428.57 0.00110371
2857.14 1632.65 0.00038862
2857.14 1836.73 -0.000633177
2857.14 2040.82 -0.00168416
2857.14 2244.9 -0.00239288
2857.14 2448.98 -0.00237502
2857.14 2653.06 -0.00133159
2857.14 2857.14 0.000865053
2857.14 3061.22 0.00659203
2857.14 3265.31 0.0126756
2857.14 3469.39 0.0184476
2857.14 3673.47 0.0236577
2857.14 3877.55 0.0281752
2857.14 4081.63 0.0319496
2857.14 4285.71 0.034979
2857.14 4489.8 0.0372865
2857.14 4693.88 0.0389034
2857.14 4897.96 0.0398586
2857.14 5102.04 0.0401718
2857.14 5306.12 0.0398501
2857.14 5510.2 0.0388869
2857.14 5714.29 0.0372629
2857.14 5918.37 0.0349499
2857.14 6122.45 0.0319172
2857.14 6326.53 0.0281429
2857.14 6530.61 0.0236299
2857.14 6734.69 0.0184302
2857.14 6938.78 0.0126765
2857.14 7142.86 0.00662078
2857.14 7346.94 0.000931893
2857.14 7551.02 -0.00123517
2857.14 7755.1 -0.00226497
2857.14 7959.18 -0.00229341
2857.14 8163.27 -0.00162494
2857.14 8367.35 -0.000643775
2857.14 8571.43 0.000286574
2857.14 8775.51 0.00090543
2857.14 8979.59 0.00109878
2857.14 9183.67 0.000899041
2857.14 9387.75 0.000447526
2857.14 9591.84 -6.63411e-05
2857.14 9795.92 -0.000471796
2857.14 10000 -0.000670348
3061.22 0 -0.00105348
3061.22 204.082 -0.000817572
3061.22 408.163 -0.000324971
3061.22 612.245 0.000336371
3061.22 816.327 0.000990153
3061.22 1020.41 0.00141595
3061.22 1224.49 0.00141417
3061.22 1428.57 0.000877441
3061.22 1632.65 -0.000147717
3061.22 1836.73 -0.00142755
3061.22 2040.82 -0.00255289
3061.22 2244.9 -0.00300419
3061.22 2448.98 -0.00226168
3061.22 2653.06 6.50472e-05
3061.22 2857.14 0.00659203
3061.22 3061.22 0.0141557
3061.22 3265.31 0.0216046
3061.22 3469.39 0.0285391
3061.22 3673.47 0.0347261
3061.22 3877.55 0.0400528
3061.22 4081.63 0.0444851
3061.22 4285.71 0.0480349
3061.22 4489.8 0.0507362
3061.22 4693.88 0.0526288
3061.22 4897.96 0.0537472
3061.22 5102.04 0.0541148
3061.22 5306.12 0.0537398
3061.22 5510.2 0.0526144
3061.22 5714.29 0.050716
3061.22 5918.37 0.0480105
3061.22 6122.45 0.0444588
3061.22 6326.53 0.040028
3061.22 6530.61 0.0347071
3061.22 6734.69 0.0285314
3061.22 6938.78 0.021615
3061.22 7142.86 0.0141922
3061.22 7346.94 0.00666278
3061.22 7551.02 0.000173635
3061.22 7755.1 -0.00214349
3061.22 7959.18 -0.00290305
3061.22 8163.27 -0.00250023
3061.22 8367.35 -0.00145333
3061.22 8571.43 -0.000271947
3061.22 8775.51 0.000654048
3061.22 8979.59 0.00111788
3061.22 9183.67 0.00110282
3061.22 9387.75 0.000740455
3061.22 9591.84 0.000238074
3061.22 9795.92 -0.000203157
3061.22 10000 -0.000455396
3265.31 0 -0.000957393
3265.31 204.082 -0.000652002
3265.31 408.163 -8.51698e-05
3265.31 612.245 0.000626609
3265.31 816.327 0.00126979
3265.31 1020.41 0.00158977
3265.31 1224.49 0.00137127
3265.31 1428.57 0.000525114
3265.31 1632.65 -0.000838866
3265.31 1836.73 -0.00237602
3265.31 2040.82 -0.00352866
3265.31 2244.9 -0.00361385
3265.31 2448.98 -0.00196549
3265.31 2653.06 0.00404362
3265.31 2857.14 0.0126756
3265.31 3061.22 0.0216046
3265.31 3265.31 0.0302287
3265.31 3469.39 0.0381625
3265.31 3673.47 0.0451895
3265.31 3877.55 0.0512129
3265.31 4081.63 0.0562124
3265.31 4285.71 0.0602113
3265.31 4489.8 0.063253
3265.31 4693.88 0.0653839
3265.31 4897.96 0.0666437
3265.31 5102.04 0.0670585
3265.31 5306.12 0.0666374
3265.31 5510.2 0.0653718
3265.31 5714.29 0.0632361
3265.31 5918.37 0.0601915
3265.31 6122.45 0.0561919
3265.31 6326.53 0.0511951
3265.31 6530.61 0.0451784
3265.31 6734.69 0.0381631
3265.31 6938.78 0.030247
3265.31 7142.86 0.0216469
3265.31 7346.94 0.0127481
3265.31 7551.02 0.00415005
3265.31 7755.1 -0.00183969
3265.31 7959.18 -0.00351166
3265.31 8163.27 -0.00348292
3265.31 8367.35 -0.00241665
3265.31 8571.43 -0.000983835
3265.31 8775.51 0.000279481
3265.31 8979.59 0.00105789
3265.31 9183.67 0.0012728
3265.31 9387.75 0.00103762
3265.31 9591.84 0.000573199
3265.31 9795.92 0.000110369
3265.31 10000 -0.000191834
3469.39 0 -0.000825245
3469.39 204.082 -0.000451315
3469.39 408.163 0.000181897
3469.39 612.245 0.000927456
3469.39 816.327 0.00153389
3469.39 1020.41 0.00171363
3469.39 1224.49 0.00123928
3469.39 1428.57 4.61076e-05
3469.39 1632.65 -0.00168413
3469.39 1836.73 -0.00348605
3469.39 2040.82 -0.00464386
3469.39 2244.9 -0.00430368
3469.39 2448.98 -0.000508795
3469.39 2653.06 0.00848147
3469.39 2857.14 0.0184476
3469.39 3061.22 0.0285391
3469.39 3265.31 0.0381625
3469.39 3469.39 0.0469465
3469.39 3673.47 0.0546893
3469.39 3877.55 0.0613074
3469.39 4081.63 0.0667919
3469.39 4285.71 0.0711757
3469.39 4489.8 0.0745093
3469.39 4693.88 0.076845
3469.39 4897.96 0.0782264
3469.39 5102.04 0.0786817
3469.39 5306.12 0.0782211
3469.39 5510.2 0.076835
3469.39 5714.29 0.0744957
3469.39 5918.37 0.0711602
3469.39 6122.45 0.0667768
3469.39 6326.53 0.0612957
3469.39 6530.61 0.054685
3469.39 6734.69 0.0469541
3469.39 6938.78 0.0381872
3469.39 7142.86 0.0285859
3469.39 7346.94 0.0185209
3469.39 7551.02 0.0085827
3469.39 7755.1 -0.000384848
3469.39 7959.18 -0.00420116
3469.39 8163.27 -0.00460529
3469.39 8367.35 -0.00354095
3469.39 8571.43 -0.00184813
3469.39 8775.51 -0.000218754
3469.39 8979.59 0.000913003
3469.39 9183.67 0.00139783
3469.39 9387.75 0.00132437
3469.39 9591.84 0.000923212
3469.39 9795.92 0.000453744
3469.39 10000 0.000107259
3673.47 0 -0.000666784
3673.47 204.082 -0.000227607
3673.47 408.163 0.000462501
3673.47 612.245 0.00122525
3673.47 816.327 0.00177152
3673.47 1020.41 0.00178237
3673.47 1224.49 0.00102114
3673.47 1428.57 -0.000548682
3673.47 1632.65 -0.00266949
3673.47 1836.73 -0.00475194
3673.47 2040.82 -0.00592067
3673.47 2244.9 -0.00515145
3673.47 2448.98 0.00230791
3673.47 2653.06 0.0125681
3673.47 2857.14 0.0236577
3673.47 3061.22 0.0347261
3673.47 3265.31 0.0451895
3673.47 3469.39 0.0546893
3673.47 3673.47 0.0630359
3673.47 3877.55 0.0701568
3673.47 4081.63 0.0760523
3673.47 4285.71 0.0807626
3673.47 4489.8 0.0843443
3673.47 4693.88 0.0868542
3673.47 4897.96 0.0883389
3673.47 5102.04 0.0888289
3673.47 5306.12 0.0883346
3673.47 5510.2 0.0868461
3673.47 5714.29 0.0843336
3673.47 5918.37 0.080751
3673.47 6122.45 0.0760419
3673.47 6326.53 0.0701506
3673.47 6530.61 0.0630375
3673.47 6734.69 0.0547028
3673.47 6938.78 0.0452194
3673.47 7142.86 0.0347765
3673.47 7346.94 0.0237315
3673.47 7551.02 0.0126648
3673.47 7755.1 0.00242029
3673.47 7959.18 -0.00504939
3673.47 8163.27 -0.00588942
3673.47 8367.35 -0.00482034
3673.47 8571.43 -0.00285062
3673.47 8775.51 -0.0008298
3673.47 8979.59 0.000685761
3673.47 9183.67 0.00147176
3673.47 9387.75 0.00158808
3673.47 9591.84 0.0012721
3673.47 9795.92 0.000810334
3673.47 10000 0.000426572
3877.55 0 -0.000493452
3877.55 204.082 5.64823e-06
3877.55 408.163 0.00074239
3877.55 612.245 0.00150737
3877.55 816.327 0.00197512
3877.55 1020.41 0.00179735
3877.55 1224.49 0.00073017
3877.55 1428.57 -0.00123363
3877.55 1632.65 -0.00376138
3877.55 1836.73 -0.00614325
3877.55 2040.82 -0.00735066
3877.55 2244.9 -0.00464493
3877.55 2448.98 0.00483776
3877.55 2653.06 0.0161543
3877.55 2857.14 0.0281752
3877.55 3061.22 0.0400528
3877.55 3265.31 0.0512129
3877.55 3469.39 0.0613074
3877.55 3673.47 0.0701568
3877.55 3877.55 0.0776973
3877.55 4081.63 0.0839364
3877.55 4285.71 0.08892
3877.55 4489.8 0.0927096
3877.55 4693.88 0.0953656
3877.55 4897.96 0.0969371
3877.55 5102.04 0.0974562
3877.55 5306.12 0.0969337
3877.55 5510.2 0.0953593
3877.55 5714.29 0.0927015
3877.55 5918.37 0.0889117
3877.55 6122.45 0.08393
3877.55 6326.53 0.0776958
3877.55 6530.61 0.0701634
3877.55 6734.69 0.0613257
3877.55 6938.78 0.051247
3877.55 7142.86 0.040106
3877.55 7346.94 0.0282491
3877.55 7551.02 0.0162473
3877.55 7755.1 0.00494101
3877.55 7959.18 -0.00455279
3877.55 8163.27 -0.00732674
3877.55 8367.35 -0.00622418
3877.55 8571.43 -0.00395767
3877.55 8775.51 -0.00152821
3877.55 8979.59 0.000388859
3877.55 9183.67 0.00149476
3877.55 9387.75 0.00181933
3877.55 9591.84 0.00160476
3877.55 9795.92 0.00116296
3877.55 10000 0.000749513
4081.63 0 -0.00031766
4081.63 204.082 0.000234391
4081.63 408.163 0.00100759
4081.63 612.245 0.0017629
4081.63 816.327 0.00214099
4081.63 1020.41 0.00176676
4081.63 1224.49 0.00039037
4081.63 1428.57 -0.00196734
4081.63 1632.65 -0.00490373
4081.63 1836.73 -0.007598
4081.63 2040.82 -0.00888158
4081.63 2244.9 -0.00344424
4081.63 2448.98 0.00699486
4081.63 2653.06 0.0191717
4081.63 2857.14 0.0319496
4081.63 3061.22 0.0444851
4081.63 3265.31 0.0562124
4081.63 3469.39 0.0667919
4081.63 3673.47 0.0760523
4081.63 3877.55 0.0839364
4081.63 4081.63 0.0904571
4081.63 4285.71 0.0956652
4081.63 4489.8 0.0996257
4081.63 4693.88 0.102402
4081.63 4897.96 0.104045
4081.63 5102.04 0.104588
4081.63 5306.12 0.104042
4081.63 5510.2 0.102397
4081.63 5714.29 0.0996197
4081.63 5918.37 0.0956597
4081.63 6122.45 0.0904542
4081.63 6326.53 0.0839386
4081.63 6530.61 0.076063
4081.63 6734.69 0.0668142
4081.63 6938.78 0.0562498
4081.63 7142.86 0.0445404
4081.63 7346.94 0.0320236
4081.63 7551.02 0.0192617
4081.63 7755.1 0.00709105
4081.63 7959.18 -0.00336388
4081.63 8163.27 -0.00886478
4081.63 8367.35 -0.00769029
4081.63 8571.43 -0.00511315
4081.63 8775.51 -0.0022728
4081.63 8979.59 4.5589e-05
4081.63 9183.67 0.0014737
4081.63 9387.75 0.0020125
4081.63 9591.84 0.00190782
4081.63 9795.92 0.00149486
4081.63 10000 0.00105915
4285.71 0 -0.000151981
4285.71 204.082 0.000444805
4285.71 408.163 0.00124507
4285.71 612.245 0.00198301
4285.71 816.327 0.00226912
4285.71 1020.41 0.00170466
4285.71 1224.49 3.4808e-05
4285.71 1428.57 -0.00269477
4285.71 1632.65 -0.00602012
4285.71 1836.73 -0.00902383
4285.71 2040.82 -0.0104162
4285.71 2244.9 -0.00245336
4285.71 2448.98 0.00874521
4285.71 2653.06 0.0216027
4285.71 2857.14 0.034979
4285.71 3061.22 0.0480349
4285.71 3265.31 0.0602113
4285.71 3469.39 0.0711757
4285.71 3673.47 0.0807626
4285.71 3877.55 0.08892
4285.71 4081.63 0.0956652
4285.71 4285.71 0.101052
4285.71 4489.8 0.105149
4285.71 4693.88 0.108021
4285.71 4897.96 0.109721
4285.71 5102.04 0.110283
4285.71 5306.12 0.109719
4285.71 5510.2 0.108018
4285.71 5714.29 0.105145
4285.71 5918.37 0.101049
4285.71 6122.45 0.095665
4285.71 6326.53 0.0889253
4285.71 6530.61 0.0807765
4285.71 6734.69 0.0712011
4285.71 6938.78 0.0602513
4285.71 7142.86 0.0480918
4285.71 7346.94 0.035053
4285.71 7551.02 0.0216905
4285.71 7755.1 0.0088361
4285.71 7959.18 -0.00238162
4285.71 8163.27 -0.010406
4285.71 8367.35 -0.00912604
4285.71 8571.43 -0.00624053
4285.71 8775.51 -0.00300882
4285.71 8979.59 -0.000311709
4285.71 9183.67 0.00142137
4285.71 9387.75 0.00216574
4285.71 9591.84 0.00217018
4285.71 9795.92 0.00179049
4285.71 10000 0.00133915
4489.8 0 -8.27572e-06
4489.8 204.082 0.000624143
4489.8 408.163 0.00144338
4489.8 612.245 0.00216101
4489.8 816.327 0.00236233
4489.8 1020.41 0.00162899
4489.8 1224.49 -0.000298041
4489.8 1428.57 -0.0033528
4489.8 1632.65 -0.00702132
4489.8 1836.73 -0.0103077
4489.8 2040.82 -0.0104628
4489.8 2244.9 -0.00168954
4489.8 2448.98 0.010085
4489.8 2653.06 0.0234577
4489.8 2857.14 0.0372865
4489.8 3061.22 0.0507362
4489.8 3265.31 0.063253
4489.8 3469.39 0.0745093
4489.8 3673.47 0.0843443
4489.8 3877.55 0.0927096
4489.8 4081.63 0.0996257
4489.8 4285.71 0.105149
4489.8 4489.8 0.10935
4489.8 4693.88 0.112295
4489.8 4897.96 0.114039
4489.8 5102.04 0.114615
4489.8 5306.12 0.114037
4489.8 5510.2 0.112293
4489.8 5714.29 0.109347
4489.8 5918.37 0.105148
4489.8 6122.45 0.0996276
4489.8 6326.53 0.0927173
4489.8 6530.61 0.0843606
4489.8 6734.69 0.0745371
4489.8 6938.78 0.0632949
4489.8 7142.86 0.0507944
4489.8 7346.94 0.0373605
4489.8 7551.02 0.0235437
4489.8 7755.1 0.0101721
4489.8 7959.18 -0.00162388
4489.8 8163.27 -0.0104599
4489.8 8367.35 -0.0104181
4489.8 8571.43 -0.0072505
4489.8 8775.51 -0.00367335
4489.8 8979.59 -0.000645237
4489.8 9183.67 0.00135452
4489.8 9387.75 0.00228022
4489.8 9591.84 0.00238311
4489.8 9795.92 0.00203619
4489.8 10000 0.00157465
4693.88 0 0.000103127
4693.88 204.082 0.000761484
4693.88 408.163 0.00159302
4693.88 612.245 0.00229211
4693.88 816.327 0.00242501
4693.88 1020.41 0.00155856
4693.88 1224.49 -0.000569517
4693.88 1428.57 -0.00387836
4693.88 1632.65 -0.00781715
4693.88 1836.73 -0.0113323
4693.88 2040.82 -0.0103637
4693.88 2244.9 -0.00115288
4693.88 2448.98 0.0110251
4693.88 2653.06 0.024758
4693.88 2857.14 0.0389034
4693.88 3061.22 0.0526288
4693.88 3265.31 0.0653839
4693.88 3469.39 0.076845
4693.88 3673.47 0.0868542
4693.88 3877.55 0.0953656
4693.88 4081.63 0.102402
4693.88 4285.71 0.108021
4693.88 4489.8 0.112295
4693.88 4693.88 0.115292
4693.88 4897.96 0.117066
4693.88 5102.04 0.117653
4693.88 5306.12 0.117065
4693.88 5510.2 0.11529
4693.88 5714.29 0.112293
4693.88 5918.37 0.108021
4693.88 6122.45 0.102405
4693.88 6326.53 0.095375
4693.88 6530.61 0.0868722
4693.88 6734.69 0.0768744
4693.88 6938.78 0.0654273
4693.88 7142.86 0.0526878
4693.88 7346.94 0.0389775
4693.88 7551.02 0.0248429
4693.88 7755.1 0.0111097
4693.88 7959.18 -0.00109123
4693.88 8163.27 -0.0103657
4693.88 8367.35 -0.0114488
4693.88 8571.43 -0.00805277
4693.88 8775.51 -0.00420352
4693.88 8979.59 -0.000916902
4693.88 9183.67 0.00129098
4693.88 9387.75 0.00235892
4693.88 9591.84 0.00254016
4693.88 9795.92 0.00222072
4693.88 10000 0.00175306
4897.96 0 0.00017414
4897.96 204.082 0.000848364
4897.96 408.163 0.00168681
4897.96 612.245 0.00237307
4897.96 816.327 0.00246152
4897.96 1020.41 0.00150973
4897.96 1224.49 -0.000746663
4897.96 1428.57 -0.00421773
4897.96 1632.65 -0.00833012
4897.96 1836.73 -0.0119949
4897.96 2040.82 -0.0103073
4897.96 2244.9 -0.000837062
4897.96 2448.98 0.0115797
4897.96 2653.06 0.0255258
4897.96 2857.14 0.0398586
4897.96 3061.22 0.0537472
4897.96 3265.31 0.0666437
4897.96 3469.39 0.0782264
4897.96 3673.47 0.0883389
4897.96 3877.55 0.0969371
4897.96 4081.63 0.104045
4897.96 4285.71 0.109721
4897.96 4489.8 0.114039
4897.96 4693.88 0.117066
4897.96 4897.96 0.118859
4897.96 5102.04 0.119452
4897.96 5306.12 0.118858
4897.96 5510.2 0.117065
4897.96 5714.29 0.114038
4897.96 5918.37 0.109722
4897.96 6122.45 0.104049
4897.96 6326.53 0.0969475
4897.96 6530.61 0.0883581
4897.96 6734.69 0.0782568
4897.96 6938.78 0.0666879
4897.96 7142.86 0.0538068
4897.96 7346.94 0.0399327
4897.96 7551.02 0.0256101
4897.96 7755.1 0.0116628
4897.96 7959.18 -0.000777677
4897.96 8163.27 -0.010312
4897.96 8367.35 -0.0121153
4897.96 8571.43 -0.00856974
4897.96 8775.51 -0.00454575
4897.96 8979.59 -0.00109417
4897.96 9183.67 0.00124637
4897.96 9387.75 0.00240521
4897.96 9591.84 0.0026369
4897.96 9795.92 0.00233565
4897.96 10000 0.00186475
5102.04 0 0.000199459
5102.04 204.082 0.000879245
5102.04 408.163 0.00172008
5102.04 612.245 0.00240183
5102.04 816.327 0.00247479
5102.04 1020.41 0.00149337
5102.04 1224.49 -0.000807559
5102.04 1428.57 -0.00433501
5102.04 1632.65 -0.00850806
5102.04 1836.73 -0.0122259
5102.04 2040.82 -0.0102916
5102.04 2244.9 -0.000735888
5102.04 2448.98 0.01176
5102.04 2653.06 0.0257767
5102.04 2857.14 0.0401718
5102.04 3061.22 0.0541148
5102.04 3265.31 0.0670585
5102.04 3469.39 0.0786817
5102.04 3673.47 0.0888289
5102.04 3877.55 0.0974562
5102.04 4081.63 0.104588
5102.04 4285.71 0.110283
5102.04 4489.8 0.114615
5102.04 4693.88 0.117653
5102.04 4897.96 0.119452
5102.04 5102.04 0.120047
5102.04 5306.12 0.119451
5102.04 5510.2 0.117652
5102.04 5714.29 0.114614
5102.04 5918.37 0.110284
5102.04 6122.45 0.104592
5102.04 6326.53 0.0974669
5102.04 6530.61 0.0888484
5102.04 6734.69 0.0787125
5102.04 6938.78 0.067103
5102.04 7142.86 0.0541746
5102.04 7346.94 0.040246
5102.04 7551.02 0.0258609
5102.04 7755.1 0.0118426
5102.04 7959.18 -0.000677213
5102.04 8163.27 -0.0102973
5102.04 8367.35 -0.0123476
5102.04 8571.43 -0.00874916
5102.04 8775.51 -0.00466419
5102.04 8979.59 -0.00115537
5102.04 9183.67 0.0012311
5102.04 9387.75 0.00242139
5102.04 9591.84 0.00267055
5102.04 9795.92 0.00237558
5102.04 10000 0.00190351
5306.12 0 0.000176966
5306.12 204.082 0.000851861
5306.12 408.163 0.00169079
5306.12 612.245 0.00237722
5306.12 816.327 0.0024654
5306.12 1020.41 0.00151281
5306.12 1224.49 -0.000744958
5306.12 1428.57 -0.00421799
5306.12 1632.65 -0.0083329
5306.12 1836.73 -0.0120007
5306.12 2040.82 -0.0103158
5306.12 2244.9 -0.000846753
5306.12 2448.98 0.0115699
5306.12 2653.06 0.0255165
5306.12 2857.14 0.0398501
5306.12 3061.22 0.0537398
5306.12 3265.31 0.0666374
5306.12 3469.39 0.0782211
5306.12 3673.47 0.0883346
5306.12 3877.55 0.0969337
5306.12 4081.63 0.104042
5306.12 4285.71 0.109719
5306.12 4489.8 0.114037
5306.12 4693.88 0.117065
5306.12 4897.96 0.118858
5306.12 5102.04 0.119451
5306.12 5306.12 0.118857
5306.12 5510.2 0.117063
5306.12 5714.29 0.114036
5306.12 5918.37 0.10972
5306.12 6122.45 0.104047
5306.12 6326.53 0.0969442
5306.12 6530.61 0.0883539
5306.12 6734.69 0.0782517
5306.12 6938.78 0.0666818
5306.12 7142.86 0.0537995
5306.12 7346.94 0.0399244
5306.12 7551.02 0.0256009
5306.12 7755.1 0.0116531
5306.12 7959.18 -0.000787307
5306.12 8163.27 -0.0103205
5306.12 8367.35 -0.0121212
5306.12 8571.43 -0.00857295
5306.12 8775.51 -0.00454666
5306.12 8979.59 -0.00109331
5306.12 9183.67 0.00124842
5306.12 9387.75 0.0024079
5306.12 9591.84 0.00263977
5306.12 9795.92 0.00233831
5306.12 10000 0.00186696
5510.2 0 0.000107933
5510.2 204.082 0.000767427
5510.2 408.163 0.00159975
5510.2 612.245 0.00229904
5510.2 816.327 0.00243133
5510.2 1020.41 0.00156328
5510.2 1224.49 -0.000567471
5510.2 1428.57 -0.00388009
5510.2 1632.65 -0.00782367
5510.2 1836.73 -0.0113444
5510.2 2040.82 -0.0103811
5510.2 2244.9 -0.00117231
5510.2 2448.98 0.0110056
5510.2 2653.06 0.0247396
5510.2 2857.14 0.0388869
5510.2 3061.22 0.0526144
5510.2 3265.31 0.0653718
5510.2 3469.39 0.076835
5510.2 3673.47 0.0868461
5510.2 3877.55 0.0953593
5510.2 4081.63 0.102397
5510.2 4285.71 0.108018
5510.2 4489.8 0.112293
5510.2 4693.88 0.11529
5510.2 4897.96 0.117065
5510.2 5102.04 0.117652
5510.2 5306.12 0.117063
5510.2 5510.2 0.115288
5510.2 5714.29 0.112291
5510.2 5918.37 0.108018
5510.2 6122.45 0.102401
5510.2 6326.53 0.0953689
5510.2 6530.61 0.0868645
5510.2 6734.69 0.0768648
5510.2 6938.78 0.0654155
5510.2 7142.86 0.0526738
5510.2 7346.94 0.0389613
5510.2 7551.02 0.0248249
5510.2 7755.1 0.0110904
5510.2 7959.18 -0.00111056
5510.2 8163.27 -0.0103832
5510.2 8367.35 -0.0114614
5510.2 8571.43 -0.00806017
5510.2 8775.51 -0.00420653
5510.2 8979.59 -0.000916507
5510.2 9183.67 0.00129373
5510.2 9387.75 0.00236301
5510.2 9591.84 0.0025447
5510.2 9795.92 0.00222501
5510.2 10000 0.00175666
5714.29 0 -3.01753e-06
5714.29 204.082 0.000630637
5714.29 408.163 0.00145065
5714.29 612.245 0.00216827
5714.29 816.327 0.00236852
5714.29 1020.41 0.0016328
5714.29 1224.49 -0.000298043
5714.29 1428.57 -0.00335808
5714.29 1632.65 -0.00703321
5714.29 1836.73 -0.0103273
5714.29 2040.82 -0.0104898
5714.29 2244.9 -0.00171872
5714.29 2448.98 0.0100563
5714.29 2653.06 0.0234311
5714.29 2857.14 0.0372629
5714.29 3061.22 0.050716
5714.29 3265.31 0.0632361
5714.29 3469.39 0.0744957
5714.29 3673.47 0.0843336
5714.29 3877.55 0.0927015
5714.29 4081.63 0.0996197
5714.29 4285.71 0.105145
5714.29 4489.8 0.109347
5714.29 4693.88 0.112293
5714.29 4897.96 0.114038
5714.29 5102.04 0.114614
5714.29 5306.12 0.114036
5714.29 5510.2 0.112291
5714.29 5714.29 0.109345
5714.29 5918.37 0.105144
5714.29 6122.45 0.099622
5714.29 6326.53 0.0927096
5714.29 6530.61 0.0843504
5714.29 6734.69 0.0745239
5714.29 6938.78 0.0632786
5714.29 7142.86 0.0507746
5714.29 7346.94 0.0373374
5714.29 7551.02 0.0235175
5714.29 7755.1 0.0101437
5714.29 7959.18 -0.00165298
5714.29 8163.27 -0.0104872
5714.29 8367.35 -0.0104385
5714.29 8571.43 -0.00726373
5714.29 8775.51 -0.00368049
5714.29 8979.59 -0.000647578
5714.29 9183.67 0.0013556
5714.29 9387.75 0.00228339
5714.29 9591.84 0.0023872
5714.29 9795.92 0.00204029
5714.29 10000 0.00157817
5918.37 0 -0.000148175
5918.37 204.082 0.000449487
5918.37 408.163 0.00125013
5918.37 612.245 0.00198759
5918.37 816.327 0.00227205
5918.37 1020.41 0.00170451
5918.37 1224.49 2.99785e-05
5918.37 1428.57 -0.00270591
5918.37 1632.65 -0.00603902
5918.37 1836.73 -0.00905161
5918.37 2040.82 -0.0104535
5918.37 2244.9 -0.00249207
5918.37 2448.98 0.00870821
5918.37 2653.06 0.0215692
5918.37 2857.14 0.0349499
5918.37 3061.22 0.0480105
5918.37 3265.31 0.0601915
5918.37 3469.39 0.0711602
5918.37 3673.47 0.080751
5918.37 3877.55 0.0889117
5918.37 4081.63 0.0956597
5918.37 4285.71 0.101049
5918.37 4489.8 0.105148
5918.37 4693.88 0.108021
5918.37 4897.96 0.109722
5918.37 5102.04 0.110284
5918.37 5306.12 0.10972
5918.37 5510.2 0.108018
5918.37 5714.29 0.105144
5918.37 5918.37 0.101046
5918.37 6122.45 0.09566
5918.37 6326.53 0.0889176
5918.37 6530.61 0.0807654
5918.37 6734.69 0.0711862
5918.37 6938.78 0.0602321
5918.37 7142.86 0.048068
5918.37 7346.94 0.0350245
5918.37 7551.02 0.0216574
5918.37 7755.1 0.00879938
5918.37 7959.18 -0.00242037
5918.37 8163.27 -0.0104438
5918.37 8367.35 -0.00915499
5918.37 8571.43 -0.00626122
5918.37 8775.51 -0.00302232
5918.37 8979.59 -0.000319393
5918.37 9183.67 0.001418
5918.37 9387.75 0.00216524
5918.37 9591.84 0.00217128
5918.37 9795.92 0.00179219
5918.37 10000 0.0013408
6122.45 0 -0.000317187
6122.45 204.082 0.000234933
6122.45 408.163 0.00100774
6122.45 612.245 0.00176189
6122.45 816.327 0.00213774
6122.45 1020.41 0.0017599
6122.45 1224.49 0.00037837
6122.45 1428.57 -0.00198604
6122.45 1632.65 -0.00493051
6122.45 1836.73 -0.00763385
6122.45 2040.82 -0.00892692
6122.45 2244.9 -0.0034917
6122.45 2448.98 0.00695113
6122.45 2653.06 0.0191333
6122.45 2857.14 0.0319172
6122.45 3061.22 0.0444588
6122.45 3265.31 0.0561919
6122.45 3469.39 0.0667768
6122.45 3673.47 0.0760419
6122.45 3877.55 0.08393
6122.45 4081.63 0.0904542
6122.45 4285.71 0.095665
6122.45 4489.8 0.0996276
6122.45 4693.88 0.102405
6122.45 4897.96 0.104049
6122.45 5102.04 0.104592
6122.45 5306.12 0.104047
6122.45 5510.2 0.102401
6122.45 5714.29 0.099622
6122.45 5918.37 0.09566
6122.45 6122.45 0.0904518
6122.45 6326.53 0.0839329
6122.45 6530.61 0.0760533
6122.45 6734.69 0.0667998
6122.45 6938.78 0.0562301
6122.45 7142.86 0.0445148
6122.45 7346.94 0.0319918
6122.45 7551.02 0.0192238
6122.45 7755.1 0.00704748
6122.45 7959.18 -0.00341162
6122.45 8163.27 -0.00891104
6122.45 8367.35 -0.00772773
6122.45 8571.43 -0.00514214
6122.45 8775.51 -0.00229425
6122.45 8979.59 3.04525e-05
6122.45 9183.67 0.00146348
6122.45 9387.75 0.00200586
6122.45 9591.84 0.00190358
6122.45 9795.92 0.00149212
6122.45 10000 0.00105727
6326.53 0 -0.000497723
6326.53 204.082 3.15e-07
6326.53 408.163 0.000735682
6326.53 612.245 0.00149874
6326.53 816.327 0.00196376
6326.53 1020.41 0.00178218
6326.53 1224.49 0.000709937
6326.53 1428.57 -0.0012602
6326.53 1632.65 -0.00379538
6326.53 1836.73 -0.0061854
6326.53 2040.82 -0.00740107
6326.53 2244.9 -0.00469937
6326.53 2448.98 0.00478995
6326.53 2653.06 0.0161141
6326.53 2857.14 0.0281429
6326.53 3061.22 0.040028
6326.53 3265.31 0.0511951
6326.53 3469.39 0.0612957
6326.53 3673.47 0.0701506
6326.53 3877.55 0.0776958
6326.53 4081.63 0.0839386
6326.53 4285.71 0.0889253
6326.53 4489.8 0.0927173
6326.53 4693.88 0.095375
6326.53 4897.96 0.0969475
6326.53 5102.04 0.0974669
6326.53 5306.12 0.0969442
6326.53 5510.2 0.0953689
6326.53 5714.29 0.0927096
6326.53 5918.37 0.0889176
6326.53 6122.45 0.0839329
6326.53 6326.53 0.0776949
6326.53 6530.61 0.070158
6326.53 6734.69 0.0613149
6326.53 6938.78 0.0512299
6326.53 7142.86 0.0400819
6326.53 7346.94 0.0282173
6326.53 7551.02 0.0162074
6326.53 7755.1 0.00489311
6326.53 7959.18 -0.0046079
6326.53 8163.27 -0.00737854
6326.53 8367.35 -0.00626835
6326.53 8571.43 -0.00399423
6326.53 8775.51 -0.00155771
6326.53 8979.59 0.0003655
6326.53 9183.67 0.00147649
6326.53 9387.75 0.00180512
6326.53 9591.84 0.00159373
6326.53 9795.92 0.00115445
6326.53 10000 0.000743035
6530.61 0 -0.000676335
6530.61 204.082 -0.000239455
6530.61 408.163 0.000448283
6530.61 612.245 0.00120849
6530.61 816.327 0.00175183
6530.61 1020.41 0.00175915
6530.61 1224.49 0.000993606
6530.61 1428.57 -0.000581349
6530.61 1632.65 -0.00270796
6530.61 1836.73 -0.00479652
6530.61 2040.82 -0.00597111
6530.61 2244.9 -0.00520686
6530.61 2448.98 0.00226021
6530.61 2653.06 0.0125306
6530.61 2857.14 0.0236299
6530.61 3061.22 0.0347071
6530.61 3265.31 0.0451784
6530.61 3469.39 0.054685
6530.61 3673.47 0.0630375
6530.61 3877.55 0.0701634
6530.61 4081.63 0.076063
6530.61 4285.71 0.0807765
6530.61 4489.8 0.0843606
6530.61 4693.88 0.0868722
6530.61 4897.96 0.0883581
6530.61 5102.04 0.0888484
6530.61 5306.12 0.0883539
6530.61 5510.2 0.0868645
6530.61 5714.29 0.0843504
6530.61 5918.37 0.0807654
6530.61 6122.45 0.0760533
6530.61 6326.53 0.070158
6530.61 6530.61 0.06304
6530.61 6734.69 0.0546994
6530.61 6938.78 0.0452091
6530.61 7142.86 0.0347581
6530.61 7346.94 0.0237041
6530.61 7551.02 0.0126274
6530.61 7755.1 0.00237211
6530.61 7959.18 -0.00510601
6530.61 8163.27 -0.00594172
6530.61 8367.35 -0.0048673
6530.61 8571.43 -0.00289184
6530.61 8775.51 -0.000865354
6530.61 8979.59 0.00065545
6530.61 9183.67 0.00144614
6530.61 9387.75 0.0015666
6530.61 9591.84 0.00125434
6530.61 9795.92 0.000796006
6530.61 10000 0.000415432
6734.69 0 -0.000839444
6734.69 204.082 -0.000468864
6734.69 408.163 0.00016125
6734.69 612.245 0.000904008
6734.69 816.327 0.00150782
6734.69 1020.41 0.00168493
6734.69 1224.49 0.00120774
6734.69 1428.57 1.14833e-05
6734.69 1632.65 -0.00172201
6734.69 1836.73 -0.00352704
6734.69 2040.82 -0.00468736
6734.69 2244.9 -0.00434852
6734.69 2448.98 -0.000549903
6734.69 2653.06 0.00845298
6734.69 2857.14 0.0184302
6734.69 3061.22 0.0285314
6734.69 3265.31 0.0381631
6734.69 3469.39 0.0469541
6734.69 3673.47 0.0547028
6734.69 3877.55 0.0613257
6734.69 4081.63 0.0668142
6734.69 4285.71 0.0712011
6734.69 4489.8 0.0745371
6734.69 4693.88 0.0768744
6734.69 4897.96 0.0782568
6734.69 5102.04 0.0787125
6734.69 5306.12 0.0782517
6734.69 5510.2 0.0768648
6734.69 5714.29 0.0745239
6734.69 5918.37 0.0711862
6734.69 6122.45 0.0667998
6734.69 6326.53 0.0613149
6734.69 6530.61 0.0546994
6734.69 6734.69 0.0469626
6734.69 6938.78 0.0381884
6734.69 7142.86 0.0285787
6734.69 7346.94 0.0185037
6734.69 7551.02 0.00855383
6734.69 7755.1 -0.000427032
6734.69 7959.18 -0.00424778
6734.69 8163.27 -0.00465109
6734.69 8367.35 -0.00358457
6734.69 8571.43 -0.00188872
6734.69 8775.51 -0.000255922
6734.69 8979.59 0.000879405
6734.69 9183.67 0.00136783
6734.69 9387.75 0.00129802
6734.69 9591.84 0.000900637
6734.69 9795.92 0.000435114
6734.69 10000 9.26535e-05
6938.78 0 -0.000974326
6938.78 204.082 -0.000672851
6938.78 408.163 -0.000109304
6938.78 612.245 0.000600006
6938.78 816.327 0.0012415
6938.78 1020.41 0.00156042
6938.78 1224.49 0.00134127
6938.78 1428.57 0.00049476
6938.78 1632.65 -0.000869239
6938.78 1836.73 -0.00240588
6938.78 2040.82 -0.00355714
6938.78 2244.9 -0.00363963
6938.78 2448.98 -0.00198685
6938.78 2653.06 0.00403287
6938.78 2857.14 0.0126765
6938.78 3061.22 0.021615
6938.78 3265.31 0.030247
6938.78 3469.39 0.0381872
6938.78 3673.47 0.0452194
6938.78 3877.55 0.051247
6938.78 4081.63 0.0562498
6938.78 4285.71 0.0602513
6938.78 4489.8 0.0632949
6938.78 4693.88 0.0654273
6938.78 4897.96 0.0666879
6938.78 5102.04 0.067103
6938.78 5306.12 0.0666818
6938.78 5510.2 0.0654155
6938.78 5714.29 0.0632786
6938.78 5918.37 0.0602321
6938.78 6122.45 0.0562301
6938.78 6326.53 0.0512299
6938.78 6530.61 0.0452091
6938.78 6734.69 0.0381884
6938.78 6938.78 0.0302657
6938.78 7142.86 0.0216575
6938.78 7346.94 0.0127486
6938.78 7551.02 0.00413832
6938.78 7755.1 -0.00186279
6938.78 7959.18 -0.00353972
6938.78 8163.27 -0.003514
6938.78 8367.35 -0.00244918
6938.78 8571.43 -0.00101664
6938.78 8775.51 0.000247249
6938.78 8979.59 0.00102689
6938.78 9183.67 0.00124363
6938.78 9387.75 0.00101091
6938.78 9591.84 0.000549622
6938.78 9795.92 9.05836e-05
6938.78 10000 -0.000207391
7142.86 0 -0.00107009
7142.86 204.082 -0.000837918
7142.86 408.163 -0.000348042
7142.86 612.245 0.000311882
7142.86 816.327 0.000965579
7142.86 1020.41 0.00139246
7142.86 1224.49 0.00139271
7142.86 1428.57 0.000858781
7142.86 1632.65 -0.000162892
7142.86 1836.73 -0.00143847
7142.86 2040.82 -0.00255857
7142.86 2244.9 -0.00300337
7142.86 2448.98 -0.0022528
7142.86 2653.06 8.36904e-05
7142.86 2857.14 0.00662078
7142.86 3061.22 0.0141922
7142.86 3265.31 0.0216469
7142.86 3469.39 0.0285859
7142.86 3673.47 0.0347765
7142.86 3877.55 0.040106
7142.86 4081.63 0.0445404
7142.86 4285.71 0.0480918
7142.86 4489.8 0.0507944
7142.86 4693.88 0.0526878
7142.86 4897.96 0.0538068
7142.86 5102.04 0.0541746
7142.86 5306.12 0.0537995
7142.86 5510.2 0.0526738
7142.86 5714.29 0.0507746
7142.86 5918.37 0.048068
7142.86 6122.45 0.0445148
7142.86 6326.53 0.0400819
7142.86 6530.61 0.0347581
7142.86 6734.69 0.0285787
7142.86 6938.78 0.0216575
7142.86 7142.86 0.0142284
7142.86 7346.94 0.00669058
7142.86 7551.02 0.000190523
7142.86 7755.1 -0.00213691
7142.86 7959.18 -0.00290486
7142.86 8163.27 -0.00250861
7142.86 8367.35 -0.00146669
7142.86 8571.43 -0.000288956
7142.86 8775.51 0.000634508
7142.86 8979.59 0.00109683
7142.86 9183.67 0.00108126
7142.86 9387.75 0.000719482
7142.86 9591.84 0.00021882
7142.86 9795.92 -0.000219629
7142.86 10000 -0.000468314
7346.94 0 -0.00111859
7346.94 204.082 -0.000953242
7346.94 408.163 -0.000541683
7346.94 612.245 5.43161e-05
7346.94 816.327 0.000694166
7346.94 1020.41 0.00119207
7346.94 1224.49 0.00136787
7346.94 1428.57 0.00110387
7346.94 1632.65 0.000395459
7346.94 1836.73 -0.000618883
7346.94 2040.82 -0.00166156
7346.94 2244.9 -0.00236097
7346.94 2448.98 -0.00233265
7346.94 2653.06 -0.00127755
7346.94 2857.14 0.000931893
7346.94 3061.22 0.00666278
7346.94 3265.31 0.0127481
7346.94 3469.39 0.0185209
7346.94 3673.47 0.0237315
7346.94 3877.55 0.0282491
7346.94 4081.63 0.0320236
7346.94 4285.71 0.035053
7346.94 4489.8 0.0373605
7346.94 4693.88 0.0389775
7346.94 4897.96 0.0399327
7346.94 5102.04 0.040246
7346.94 5306.12 0.0399244
7346.94 5510.2 0.0389613
7346.94 5714.29 0.0373374
7346.94 5918.37 0.0350245
7346.94 6122.45 0.0319918
7346.94 6326.53 0.0282173
7346.94 6530.61 0.0237041
7346.94 6734.69 0.0185037
7346.94 6938.78 0.0127486
7346.94 7142.86 0.00669058
7346.94 7346.94 0.000996972
7346.94 7551.02 -0.00118345
7346.94 7755.1 -0.00222527
7346.94 7959.18 -0.00226425
7346.94 8163.27 -0.00160484
7346.94 8367.35 -0.000631369
7346.94 8571.43 0.000292508
7346.94 8775.51 0.000906011
7346.94 8979.59 0.00109511
7346.94 9183.67 0.000892304
7346.94 9387.75 0.000439009
7346.94 9591.84 -7.52707e-05
7346.94 9795.92 -0.000479833
7346.94 10000 -0.000676479
7551.02 0 -0.00111515
7551.02 204.082 -0.00101165
7551.02 408.163 -0.000680214
7551.02 612.245 -0.000160183
7551.02 816.327 0.000441047
7551.02 1020.41 0.000972336
7551.02 1224.49 0.00127695
7551.02 1428.57 0.00123607
7551.02 1632.65 0.000808753
7551.02 1836.73 5.78786e-05
7551.02 2040.82 -0.000848287
7551.02 2244.9 -0.00166481
7551.02 2448.98 -0.00212625
7551.02 2653.06 -0.00201709
7551.02 2857.14 -0.00123517
7551.02 3061.22 0.000173635
7551.02 3265.31 0.00415005
7551.02 3469.39 0.0085827
7551.02 3673.47 0.0126648
7551.02 3877.55 0.0162473
7551.02 4081.63 0.0192617
7551.02 4285.71 0.0216905
7551.02 4489.8 0.0235437
7551.02 4693.88 0.0248429
7551.02 4897.96 0.0256101
7551.02 5102.04 0.0258609
7551.02 5306.12 0.0256009
7551.02 5510.2 0.0248249
7551.02 5714.29 0.0235175
7551.02 5918.37 0.0216574
7551.02 6122.45 0.0192238
7551.02 6326.53 0.0162074
7551.02 6530.61 0.0126274
7551.02 6734.69 0.00855383
7551.02 6938.78 0.00413832
7551.02 7142.86 0.000190523
7551.02 7346.94 -0.00118345
7551.02 7551.02 -0.0019353
7551.02 7755.1 -0.00202742
7551.02 7959.18 -0.00157015
7551.02 8163.27 -0.000784989
7551.02 8367.35 6.14793e-05
7551.02 8571.43 0.00073026
7551.02 8775.51 0.00106737
7551.02 8979.59 0.00103172
7551.02 9183.67 0.00069
7551.02 9387.75 0.000184008
7551.02 9591.84 -0.000318715
7551.02 9795.92 -0.000677906
7551.02 10000 -0.000822071
7755.1 0 -0.00105911
7755.1 204.082 -0.00101034
7755.1 408.163 -0.000757871
7755.1 612.245 -0.000322556
7755.1 816.327 0.000218082
7755.1 1020.41 0.000746434
7755.1 1224.49 0.00113212
7755.1 1428.57 0.00126385
7755.1 1632.65 0.00107966
7755.1 1836.73 0.000588315
7755.1 2040.82 -0.000125798
7755.1 2244.9 -0.000918895
7755.1 2448.98 -0.00162388
7755.1 2653.06 -0.00209764
7755.1 2857.14 -0.00226497
7755.1 3061.22 -0.00214349
7755.1 3265.31 -0.00183969
7755.1 3469.39 -0.000384848
7755.1 3673.47 0.00242029
7755.1 3877.55 0.00494101
7755.1 4081.63 0.00709105
7755.1 4285.71 0.0088361
7755.1 4489.8 0.0101721
7755.1 4693.88 0.0111097
7755.1 4897.96 0.0116628
7755.1 5102.04 0.0118426
7755.1 5306.12 0.0116531
7755.1 5510.2 0.0110904
7755.1 5714.29 0.0101437
7755.1 5918.37 0.00879938
7755.1 6122.45 0.00704748
7755.1 6326.53 0.00489311
7755.1 6530.61 0.00237211
7755.1 6734.69 -0.000427032
7755.1 6938.78 -0.00186279
7755.1 7142.86 -0.00213691
7755.1 7346.94 -0.00222527
7755.1 7551.02 -0.00202742
7755.1 7755.1 -0.00153341
7755.1 7959.18 -0.000826526
7755.1 8163.27 -5.62815e-05
7755.1 8367.35 0.000607931
7755.1 8571.43 0.00102636
7755.1 8775.51 0.00112637
7755.1 8979.59 0.000918223
7755.1 9183.67 0.000487256
7755.1 9387.75 -3.33962e-05
7755.1 9591.84 -0.000501485
7755.1 9795.92 -0.000806351
7755.1 10000 -0.000899896
7959.18 0 -0.000953937
7959.18 204.082 -0.000951183
7959.18 408.163 -0.00077372
7959.18 612.245 -0.000428087
7959.18 816.327 3.40078e-05
7959.18 1020.41 0.000526216
7959.18 1224.49 0.000946013
7959.18 1428.57 0.00119678
7959.18 1632.65 0.00120958
7959.18 1836.73 0.000959828
7959.18 2040.82 0.000473631
7959.18 2244.9 -0.000179743
7959.18 2448.98 -0.000908916
7959.18 2653.06 -0.00162973
7959.18 2857.14 -0.00229341
7959.18 3061.22 -0.00290305
7959.18 3265.31 -0.00351166
7959.18 3469.39 -0.00420116
7959.18 3673.47 -0.00504939
7959.18 3877.55 -0.00455279
7959.18 4081.63 -0.00336388
7959.18 4285.71 -0.00238162
7959.18 4489.8 -0.00162388
7959.18 4693.88 -0.00109123
7959.18 4897.96 -0.000777677
7959.18 5102.04 -0.000677213
7959.18 5306.12 -0.000787307
7959.18 5510.2 -0.00111056
7959.18 5714.29 -0.00165298
7959.18 5918.37 -0.00242037
7959.18 6122.45 -0.00341162
7959.18 6326.53 -0.0046079
7959.18 6530.61 -0.00510601
7959.18 6734.69 -0.00424778
7959.18 6938.78 -0.00353972
7959.18 7142.86 -0.00290486
7959.18 7346.94 -0.00226425
7959.18 7551.02 -0.00157015
7959.18 7755.1 -0.000826526
7959.18 7959.18 -8.99622e-05
7959.18 8163.27 0.000548718
7959.18 8367.35 0.000994851
7959.18 8571.43 0.00118143
7959.18 8775.51 0.00109166
7959.18 8979.59 0.000766348
7959.18 9183.67 0.000295234
7959.18 9387.75 -0.000204689
7959.18 9591.84 -0.000618399
7959.18 9795.92 -0.000862965
7959.18 10000 -0.00090982
8163.27 0 -0.000806957
8163.27 204.082 -0.000840643
8163.27 408.163 -0.000731772
8163.27 612.245 -0.00047681
8163.27 816.327 -0.00010624
8163.27 1020.41 0.000321435
8163.27 1224.49 0.000731261
8163.27 1428.57 0.0010461
8163.27 1632.65 0.00120131
8163.27 1836.73 0.00115691
8163.27 2040.82 0.000903862
8163.27 2244.9 0.000461963
8163.27 2448.98 -0.00013085
8163.27 2653.06 -0.000834869
8163.27 2857.14 -0.00162494
8163.27 3061.22 -0.00250023
8163.27 3265.31 -0.00348292
8163.27 3469.39 -0.00460529
8163.27 3673.47 -0.00588942
8163.27 3877.55 -0.00732674
8163.27 4081.63 -0.00886478
8163.27 4285.71 -0.010406
8163.27 4489.8 -0.0104599
8163.27 4693.88 -0.0103657
8163.27 4897.96 -0.010312
8163.27 5102.04 -0.0102973
8163.27 5306.12 -0.0103205
8163.27 5510.2 -0.0103832
8163.27 5714.29 -0.0104872
8163.27 5918.37 -0.0104438
8163.27 6122.45 -0.00891104
8163.27 6326.53 -0.00737854
8163.27 6530.61 -0.00594172
8163.27 6734.69 -0.00465109
8163.27 6938.78 -0.003514
8163.27 7142.86 -0.00250861
8163.27 7346.94 -0.00160484
8163.27 7551.02 -0.000784989
8163.27 7755.1 -5.62815e-05
8163.27 7959.18 0.000548718
8163.27 8163.27 0.000983523
8163.27 8367.35 0.00120612
8163.27 8571.43 0.0011974
8163.27 8775.51 0.000973398
8163.27 8979.59 0.000587546
8163.27 9183.67 0.000122621
8163.27 9387.75 -0.00032563
8163.27 9591.84 -0.000669558
8163.27 9795.92 -0.000851026
8163.27 10000 -0.000856768
8367.35 0 -0.000628736
8367.35 204.082 -0.000689147
8367.35 408.163 -0.000640559
8367.35 612.245 -0.000473346
8367.35 816.327 -0.000201622
8367.35 1020.41 0.000139578
8367.35 1224.49 0.000500772
8367.35 1428.57 0.000826373
8367.35 1632.65 0.00106371
8367.35 1836.73 0.00117112
8367.35 2040.82 0.00112324
8367.35 2244.9 0.00091173
8367.35 2448.98 0.000540988
8367.35 2653.06 2.04141e-05
8367.35 2857.14 -0.000643775
8367.35 3061.22 -0.00145333
8367.35 3265.31 -0.00241665
8367.35 3469.39 -0.00354095
8367.35 3673.47 -0.00482034
8367.35 3877.55 -0.00622418
8367.35 4081.63 -0.00769029
8367.35 4285.71 -0.00912604
8367.35 4489.8 -0.0104181
8367.35 4693.88 -0.0114488
8367.35 4897.96 -0.0121153
8367.35 5102.04 -0.0123476
8367.35 5306.12 -0.0121212
8367.35 5510.2 -0.0114614
8367.35 5714.29 -0.0104385
8367.35 5918.37 -0.00915499
8367.35 6122.45 -0.00772773
8367.35 6326.53 -0.00626835
8367.35 6530.61 -0.0048673
8367.35 6734.69 -0.00358457
8367.35 6938.78 -0.00244918
8367.35 7142.86 -0.00146669
8367.35 7346.94 -0.000631369
8367.35 7551.02 6.14793e-05
8367.35 7755.1 0.000607931
8367.35 7959.18 0.000994851
8367.35 8163.27 0.00120612
8367.35 8367.35 0.00123266
8367.35 8571.43 0.00108219
8367.35 8775.51 0.000784928
8367.35 8979.59 0.000393336
8367.35 9183.67 -2.44827e-05
8367.35 9387.75 -0.000396304
8367.35 9591.84 -0.000660177
8367.35 9795.92 -0.000778924
8367.35 10000 -0.000750245
8571.43 0 -0.000432058
8571.43 204.082 -0.00051005
8571.43 408.163 -0.000512154
8571.43 612.245 -0.000426135
8571.43 816.327 -0.000254531
8571.43 1020.41 -1.38802e-05
8571.43 1224.49 0.000268204
8571.43 1428.57 0.00055713
8571.43 1632.65 0.000816078
8571.43 1836.73 0.00101073
8571.43 2040.82 0.00111298
8571.43 2244.9 0.0011027
8571.43 2448.98 0.000966909
8571.43 2653.06 0.000697193
8571.43 2857.14 0.000286574
8571.43 3061.22 -0.000271947
8571.43 3265.31 -0.000983835
8571.43 3469.39 -0.00184813
8571.43 3673.47 -0.00285062
8571.43 3877.55 -0.00395767
8571.43 4081.63 -0.00511315
8571.43 4285.71 -0.00624053
8571.43 4489.8 -0.0072505
8571.43 4693.88 -0.00805277
8571.43 4897.96 -0.00856974
8571.43 5102.04 -0.00874916
8571.43 5306.12 -0.00857295
8571.43 5510.2 -0.00806017
8571.43 5714.29 -0.00726373
8571.43 5918.37 -0.00626122
8571.43 6122.45 -0.00514214
8571.43 6326.53 -0.00399423
8571.43 6530.61 -0.00289184
8571.43 6734.69 -0.00188872
8571.43 6938.78 -0.00101664
8571.43 7142.86 -0.000288956
8571.43 7346.94 0.000292508
8571.43 7551.02 0.00073026
8571.43 7755.1 0.00102636
8571.43 7959.18 0.00118143
8571.43 8163.27 0.0011974
8571.43 8367.35 0.00108219
8571.43 8571.43 0.000854198
8571.43 8775.51 0.000544543
8571.43 8979.59 0.000195873
8571.43 9183.67 -0.000142213
8571.43 9387.75 -0.000420601
8571.43 9591.84 -0.0005998
8571.43 9795.92 -0.000659198
8571.43 10000 -0.000603342
8775.51 0 -0.000230616
8775.51 204.082 -0.000318169
8775.51 408.163 -0.000360713
8775.51 612.245 -0.000346175
8775.51 816.327 -0.000269883
8775.51 1020.41 -0.000134986
8775.51 1224.49 4.81967e-05
8775.51 1428.57 0.000263434
8775.51 1632.65 0.000490338
8775.51 1836.73 0.000706452
8775.51 2040.82 0.000889331
8775.51 2244.9 0.00101812
8775.51 2448.98 0.00107428
8775.51 2653.06 0.0010415
8775.51 2857.14 0.00090543
8775.51 3061.22 0.000654048
8775.51 3265.31 0.000279481
8775.51 3469.39 -0.000218754
8775.51 3673.47 -0.0008298
8775.51 3877.55 -0.00152821
8775.51 4081.63 -0.0022728
8775.51 4285.71 -0.00300882
8775.51 4489.8 -0.00367335
8775.51 4693.88 -0.00420352
8775.51 4897.96 -0.00454575
8775.51 5102.04 -0.00466419
8775.51 5306.12 -0.00454666
8775.51 5510.2 -0.00420653
8775.51 5714.29 -0.00368049
8775.51 5918.37 -0.00302232
8775.51 6122.45 -0.00229425
8775.51 6326.53 -0.00155771
8775.51 6530.61 -0.000865354
8775.51 6734.69 -0.000255922
8775.51 6938.78 0.000247249
8775.51 7142.86 0.000634508
8775.51 7346.94 0.000906011
8775.51 7551.02 0.00106737
8775.51 7755.1 0.00112637
8775.51 7959.18 0.00109166
8775.51 8163.27 0.000973398
8775.51 8367.35 0.000784928
8775.51 8571.43 0.000544543
8775.51 8775.51 0.000276134
8775.51 8979.59 8.27963e-06
8775.51 9183.67 -0.000228365
8775.51 9387.75 -0.000405212
8775.51 9591.84 -0.000500967
8775.51 9795.92 -0.000507066
8775.51 10000 -0.000431315
8979.59 0 -3.75556e-05
8979.59 204.082 -0.000128118
8979.59 408.163 -0.000200738
8979.59 612.245 -0.000245422
8979.59 816.327 -0.000253935
8979.59 1020.41 -0.000220789
8979.59 1224.49 -0.000143911
8979.59 1428.57 -2.51025e-05
8979.59 1632.65 0.000129788
8979.59 1836.73 0.000311071
8979.59 2040.82 0.000505822
8979.59 2244.9 0.00069878
8979.59 2448.98 0.000873297
8979.59 2653.06 0.00101221
8979.59 2857.14 0.00109878
8979.59 3061.22 0.00111788
8979.59 3265.31 0.00105789
8979.59 3469.39 0.000913003
8979.59 3673.47 0.000685761
8979.59 3877.55 0.000388859
8979.59 4081.63 4.5589e-05
8979.59 4285.71 -0.000311709
8979.59 4489.8 -0.000645237
8979.59 4693.88 -0.000916902
8979.59 4897.96 -0.00109417
8979.59 5102.04 -0.00115537
8979.59 5306.12 -0.00109331
8979.59 5510.2 -0.000916507
8979.59 5714.29 -0.000647578
8979.59 5918.37 -0.000319393
8979.59 6122.45 3.04525e-05
8979.59 6326.53 0.0003655
8979.59 6530.61 0.00065545
8979.59 6734.69 0.000879405
8979.59 6938.78 0.00102689
8979.59 7142.86 0.00109683
8979.59 7346.94 0.00109511
8979.59 7551.02 0.00103172
8979.59 7755.1 0.000918223
8979.59 7959.18 0.000766348
8979.59 8163.27 0.000587546
8979.59 8367.35 0.000393336
8979.59 8571.43 0.000195873
8979.59 8775.51 8.27963e-06
8979.59 8979.59 -0.000155535
8979.59 9183.67 -0.00028175
8979.59 9387.75 -0.000358334
8979.59 9591.84 -0.000377525
8979.59 9795.92 -0.000338627
8979.59 10000 -0.000249895
9183.67 0 0.000135879
9183.67 204.082 4.72778e-05
9183.67 408.163 -4.53838e-05
9183.67 612.245 -0.000135212
9183.67 816.327 -0.000213129
9183.67 1020.41 -0.000269024
9183.67 1224.49 -0.000293059
9183.67 1428.57 -0.000277008
9183.67 1632.65 -0.00021553
9183.67 1836.73 -0.000107156
9183.67 2040.82 4.5194e-05
9183.67 2244.9 0.000234282
9183.67 2448.98 0.000449119
9183.67 2653.06 0.000675877
9183.67 2857.14 0.000899041
9183.67 3061.22 0.00110282
9183.67 3265.31 0.0012728
9183.67 3469.39 0.00139783
9183.67 3673.47 0.00147176
9183.67 3877.55 0.00149476
9183.67 4081.63 0.0014737
9183.67 4285.71 0.00142137
9183.67 4489.8 0.00135452
9183.67 4693.88 0.00129098
9183.67 4897.96 0.00124637
9183.67 5102.04 0.0012311
9183.67 5306.12 0.00124842
9183.67 5510.2 0.00129373
9183.67 5714.29 0.0013556
9183.67 5918.37 0.001418
9183.67 6122.45 0.00146348
9183.67 6326.53 0.00147649
9183.67 6530.61 0.00144614
9183.67 6734.69 0.00136783
9183.67 6938.78 0.00124363
9183.67 7142.86 0.00108126
9183.67 7346.94 0.000892304
9183.67 7551.02 0.00069
9183.67 7755.1 0.000487256
9183.67 7959.18 0.000295234
9183.67 8163.27 0.000122621
9183.67 8367.35 -2.44827e-05
9183.67 8571.43 -0.000142213
9183.67 8775.51 -0.000228365
9183.67 8979.59 -0.00028175
9183.67 9183.67 -0.000301749
9183.67 9387.75 -0.000288368
9183.67 9591.84 -0.000242906
9183.67 9795.92 -0.000169042
9183.67 10000 -7.36184e-05
9387.75 0 0.000281405
9387.75 204.082 0.00019824
9387.75 408.163 9.4883e-05
9387.75 612.245 -2.50428e-05
9387.75 816.327 -0.000153345
9387.75 1020.41 -0.000278336
9387.75 1224.49 -0.000386307
9387.75 1428.57 -0.000463195
9387.75 1632.65 -0.000496327
9387.75 1836.73 -0.000476051
9387.75 2040.82 -0.000396975
9387.75 2244.9 -0.000258599
9387.75 2448.98 -6.53154e-05
9387.75 2653.06 0.000174123
9387.75 2857.14 0.000447526
9387.75 3061.22 0.000740455
9387.75 3265.31 0.00103762
9387.75 3469.39 0.00132437
9387.75 3673.47 0.00158808
9387.75 3877.55 0.00181933
9387.75 4081.63 0.0020125
9387.75 4285.71 0.00216574
9387.75 4489.8 0.00228022
9387.75 4693.88 0.00235892
9387.75 4897.96 0.00240521
9387.75 5102.04 0.00242139
9387.75 5306.12 0.0024079
9387.75 5510.2 0.00236301
9387.75 5714.29 0.00228339
9387.75 5918.37 0.00216524
9387.75 6122.45 0.00200586
9387.75 6326.53 0.00180512
9387.75 6530.61 0.0015666
9387.75 6734.69 0.00129802
9387.75 6938.78 0.00101091
9387.75 7142.86 0.000719482
9387.75 7346.94 0.000439009
9387.75 7551.02 0.000184008
9387.75 7755.1 -3.33962e-05
9387.75 7959.18 -0.000204689
9387.75 8163.27 -0.00032563
9387.75 8367.35 -0.000396304
9387.75 8571.43 -0.000420601
9387.75 8775.51 -0.000405212
9387.75 8979.59 -0.000358334
9387.75 9183.67 -0.000288368
9387.75 9387.75 -0.000202977
9387.75 9591.84 -0.000108697
9387.75 9795.92 -1.09834e-05
9387.75 10000 8.56181e-05
9591.84 0 0.00039436
9591.84 204.082 0.000318812
9591.84 408.163 0.000213106
9591.84 612.245 7.80875e-05
9591.84 816.327 -7.97517e-05
9591.84 1020.41 -0.000249156
9591.84 1224.49 -0.000415479
9591.84 1428.57 -0.000562307
9591.84 1632.65 -0.000673282
9591.84 1836.73 -0.000733947
9591.84 2040.82 -0.000733342
9591.84 2244.9 -0.000665105
9591.84 2448.98 -0.000527957
9591.84 2653.06 -0.000325633
9591.84 2857.14 -6.63411e-05
9591.84 3061.22 0.000238074
9591.84 3265.31 0.000573199
9591.84 3469.39 0.000923212
9591.84 3673.47 0.0012721
9591.84 3877.55 0.00160476
9591.84 4081.63 0.00190782
9591.84 4285.71 0.00217018
9591.84 4489.8 0.00238311
9591.84 4693.88 0.00254016
9591.84 4897.96 0.0026369
9591.84 5102.04 0.00267055
9591.84 5306.12 0.00263977
9591.84 5510.2 0.0025447
9591.84 5714.29 0.0023872
9591.84 5918.37 0.00217128
9591.84 6122.45 0.00190358
9591.84 6326.53 0.00159373
9591.84 6530.61 0.00125434
9591.84 6734.69 0.000900637
9591.84 6938.78 0.000549622
9591.84 7142.86 0.00021882
9591.84 7346.94 -7.52707e-05
9591.84 7551.02 -0.000318715
9591.84 7755.1 -0.000501485
9591.84 7959.18 -0.000618399
9591.84 8163.27 -0.000669558
9591.84 8367.35 -0.000660177
9591.84 8571.43 -0.0005998
9591.84 8775.51 -0.000500967
9591.84 8979.59 -0.000377525
9591.84 9183.67 -0.000242906
9591.84 9387.75 -0.000108697
9591.84 9591.84 1.628e-05
9591.84 9795.92 0.00012644
9591.84 10000 0.000219586
9795.92 0 0.000474074
9795.92 204.082 0.000407304
9795.92 408.163 0.000306257
9795.92 612.245 0.000169894
9795.92 816.327 2.8888e-06
9795.92 1020.41 -0.000185017
9795.92 1224.49 -0.000380151
9795.92 1428.57 -0.000566304
9795.92 1632.65 -0.000726394
9795.92 1836.73 -0.000844236
9795.92 2040.82 -0.000906215
9795.92 2244.9 -0.000902588
9795.92 2448.98 -0.000828273
9795.92 2653.06 -0.000683133
9795.92 2857.14 -0.000471796
9795.92 3061.22 -0.000203157
9795.92 3265.31 0.000110369
9795.92 3469.39 0.000453744
9795.92 3673.47 0.000810334
9795.92 3877.55 0.00116296
9795.92 4081.63 0.00149486
9795.92 4285.71 0.00179049
9795.92 4489.8 0.00203619
9795.92 4693.88 0.00222072
9795.92 4897.96 0.00233565
9795.92 5102.04 0.00237558
9795.92 5306.12 0.00233831
9795.92 5510.2 0.00222501
9795.92 5714.29 0.00204029
9795.92 5918.37 0.00179219
9795.92 6122.45 0.00149212
9795.92 6326.53 0.00115445
9795.92 6530.61 0.000796006
9795.92 6734.69 0.000435114
9795.92 6938.78 9.05836e-05
9795.92 7142.86 -0.000219629
9795.92 7346.94 -0.000479833
9795.92 7551.02 -0.000677906
9795.92 7755.1 -0.000806351
9795.92 7959.18 -0.000862965
9795.92 8163.27 -0.000851026
9795.92 8367.35 -0.000778924
9795.92 8571.43 -0.000659198
9795.92 8775.51 -0.000507066
9795.92 8979.59 -0.000338627
9795.92 9183.67 -0.000169042
9795.92 9387.75 -1.09834e-05
9795.92 9591.84 0.00012644
9795.92 9795.92 0.000238359
9795.92 10000 0.000324383
10000 0 0.000523914
10000 204.082 0.000466388
10000 408.163 0.000375317
10000 612.245 0.000248753
10000 816.327 8.98555e-05
10000 1020.41 -9.35215e-05
10000 1224.49 -0.000289684
10000 1428.57 -0.000484212
10000 1632.65 -0.000661343
10000 1836.73 -0.000805516
10000 2040.82 -0.000902915
10000 2244.9 -0.00094275
10000 2448.98 -0.000918159
10000 2653.06 -0.000826687
10000 2857.14 -0.000670348
10000 3061.22 -0.000455396
10000 3265.31 -0.000191834
10000 3469.39 0.000107259
10000 3673.47 0.000426572
10000 3877.55 0.000749513
10000 4081.63 0.00105915
10000 4285.71 0.00133915
10000 4489.8 0.00157465
10000 4693.88 0.00175306
10000 4897.96 0.00186475
10000 5102.04 0.00190351
10000 5306.12 0.00186696
10000 5510.2 0.00175666
10000 5714.29 0.00157817
10000 5918.37 0.0013408
10000 6122.45 0.00105727
10000 6326.53 0.000743035
10000 6530.61 0.000415432
10000 6734.69 9.26535e-05
10000 6938.78 -0.000207391
10000 7142.86 -0.000468314
10000 7346.94 -0.000676479
10000 7551.02 -0.000822071
10000 7755.1 -0.000899896
10000 7959.18 -0.00090982
10000 8163.27 -0.000856768
10000 8367.35 -0.000750245
10000 8571.43 -0.000603342
10000 8775.51 -0.000431315
10000 8979.59 -0.000249895
10000 9183.67 -7.36184e-05
10000 9387.75 8.56181e-05
10000 9591.84 0.000219586
10000 9795.92 0.000324383
10000 10000 0.000400644
